sequence,object,side,window_type,window_index,target_instability,window_start,window_end,window_notes,frame_index,frame_name,time_s_at_60fps,schema,trial_result_for_reference_only,Fx_pred_N,Fy_pred_N,Fz_pred_N,Fn_pred_N,Ft_pred_N,Fmag_pred_N,Ft_over_Fn_pred,p_slip_current,dFx_causal_N,dFy_causal_N,dFz_causal_N,p_stable_H1,p_instability_H1,p_stable_H3,p_instability_H3,p_stable_H5,p_instability_H5,split,p_calibrated_instability
banana_1,banana,left,stable,0,0,40,70,fill a stable/contact-stable window; recommended about 30 frames,40,040.png,0.65,local_stable_slip_windows_1based_frames_v2,unknown,-0.10741279274225235,-0.19845598936080933,0.9981215000152588,0.9981215000152588,0.22565967242258356,1.0233126680299516,0.22608414540212626,0.001264491816982627,0.13715114444494247,-0.0345296710729599,-0.013173341751098633,0.5597920417785645,0.44020795822143555,0.0004395748837850988,0.9995604157447815,1.1771081744882395e-06,0.9999988079071045,train,0.3344100452913279
banana_1,banana,left,stable,0,0,40,70,fill a stable/contact-stable window; recommended about 30 frames,41,041.png,0.6666666666666666,local_stable_slip_windows_1based_frames_v2,unknown,-0.11458510905504227,-0.18496152758598328,0.9988486766815186,0.9988486766815186,0.21757875333794977,1.022271584664524,0.21782932749281386,0.001510791713371873,0.09662159532308578,-0.028274431824684143,-0.0050427913665771484,0.6602630615234375,0.3397369384765625,0.0009904715698212385,0.9990095496177673,3.6225046642357484e-06,0.9999963641166687,train,0.29733782806284065
banana_1,banana,left,stable,0,0,40,70,fill a stable/contact-stable window; recommended about 30 frames,42,042.png,0.6833333333333333,local_stable_slip_windows_1based_frames_v2,unknown,-0.10442152619361877,-0.1892155110836029,0.9947636127471924,0.9947636127471924,0.21611655366314184,1.01796906142234,0.21725396228792598,0.0009079662268050015,0.03407253324985504,0.018568873405456543,-0.016539692878723145,0.4555429220199585,0.5444570779800415,0.00029736958094872534,0.9997026324272156,7.743985293018341e-07,0.9999992251396179,train,0.3406663105855468
banana_1,banana,left,stable,0,0,40,70,fill a stable/contact-stable window; recommended about 30 frames,43,043.png,0.7,local_stable_slip_windows_1based_frames_v2,unknown,-0.11727358400821686,-0.16643089056015015,0.9941074252128601,0.9941074252128601,0.2035984647259821,1.0147422863476812,0.2048050892259436,0.001451466348953545,0.021220475435256958,0.0413534939289093,-0.01719588041305542,0.41995954513549805,0.580040454864502,0.0004695334064308554,0.9995304942131042,2.0549659893731587e-06,0.9999979734420776,train,0.3550989268469453
banana_1,banana,left,stable,0,0,40,70,fill a stable/contact-stable window; recommended about 30 frames,44,044.png,0.7166666666666667,local_stable_slip_windows_1based_frames_v2,unknown,-0.12174725532531738,-0.16880102455615997,0.9897754192352295,0.9897754192352295,0.20812539506378683,1.0114205656366355,0.21027516014636827,0.0007978873909451067,0.016746804118156433,0.038983359932899475,-0.021527886390686035,0.31450188159942627,0.6854981184005737,0.00036802873364649713,0.9996320009231567,1.7837469385995064e-06,0.9999982118606567,train,0.386919209961985
banana_1,banana,left,stable,0,0,40,70,fill a stable/contact-stable window; recommended about 30 frames,45,045.png,0.7333333333333333,local_stable_slip_windows_1based_frames_v2,unknown,-0.09125971049070358,-0.18955370783805847,0.9916064739227295,0.9916064739227295,0.2103780951382607,1.0136776322083227,0.21215864207438828,0.0009712481405586004,0.016153082251548767,0.008902281522750854,-0.006515026092529297,0.5523653030395508,0.4476346969604492,0.0004841761547140777,0.9995158314704895,1.3489665207089274e-06,0.9999986290931702,train,0.31296635823162
banana_1,banana,left,stable,0,0,40,70,fill a stable/contact-stable window; recommended about 30 frames,46,046.png,0.75,local_stable_slip_windows_1based_frames_v2,unknown,-0.11462520807981491,-0.16492663323879242,0.9935029745101929,0.9935029745101929,0.2008475359042874,1.0136014468416197,0.20216077746775715,0.00041831901762634516,-4.009902477264404e-05,0.020034894347190857,-0.005345702171325684,0.5366299748420715,0.46337002515792847,0.0012675841571763158,0.9987323880195618,9.091392712434754e-06,0.9999908804893494,train,0.3174114866767227
banana_1,banana,left,stable,0,0,40,70,fill a stable/contact-stable window; recommended about 30 frames,47,047.png,0.7666666666666667,local_stable_slip_windows_1based_frames_v2,unknown,-0.11353957653045654,-0.1737208515405655,0.9910660982131958,0.9910660982131958,0.20753353873216396,1.0125621861032648,0.20940412521647436,0.0009012930677272379,-0.009118050336837769,0.015494659543037415,-0.003697514533996582,0.5213221907615662,0.47867780923843384,0.0013079964555799961,0.998691976070404,1.0124785148946103e-05,0.9999898672103882,train,0.3218259025132763
banana_1,banana,left,stable,0,0,40,70,fill a stable/contact-stable window; recommended about 30 frames,48,048.png,0.7833333333333333,local_stable_slip_windows_1based_frames_v2,unknown,-0.11303067952394485,-0.14330357313156128,0.974859356880188,0.974859356880188,0.18251533794702696,0.991797668016401,0.1872220330418651,0.0002711866982281208,0.004242904484272003,0.023127317428588867,-0.01924806833267212,0.3033793866634369,0.6966205835342407,0.0007748001371510327,0.9992251992225647,7.292936061276123e-06,0.9999927282333374,train,0.3888461893502255
banana_1,banana,left,stable,0,0,40,70,fill a stable/contact-stable window; recommended about 30 frames,49,049.png,0.8,local_stable_slip_windows_1based_frames_v2,unknown,-0.1210012435913086,-0.15671831369400024,0.9915493726730347,0.9915493726730347,0.19799477467280358,1.0111241710324321,0.19968201326882326,0.0005911328480578959,0.0007460117340087891,0.012082710862159729,0.0017739534378051758,0.6251821517944336,0.3748178482055664,0.0031871232204139233,0.9968128800392151,3.678241409943439e-05,0.9999632239341736,train,0.29370676087255854
banana_1,banana,left,stable,0,0,40,70,fill a stable/contact-stable window; recommended about 30 frames,50,050.png,0.8166666666666667,local_stable_slip_windows_1based_frames_v2,unknown,-0.1106574535369873,-0.18011684715747833,0.9958435893058777,0.9958435893058777,0.21139335527220554,1.0180332042791407,0.21227544693449674,0.00040437738061882555,-0.019397743046283722,0.00943686068058014,0.004237115383148193,0.6839836835861206,0.3160163164138794,0.002626768546178937,0.9973732233047485,1.9381011952646077e-05,0.999980628490448,train,0.2683760619264424
banana_1,banana,left,stable,0,0,40,70,fill a stable/contact-stable window; recommended about 30 frames,51,051.png,0.8333333333333334,local_stable_slip_windows_1based_frames_v2,unknown,-0.11407707631587982,-0.13918808102607727,0.9744666814804077,0.9744666814804077,0.17996361087870213,0.9909451117776097,0.18467889115142544,0.0004835217259824276,0.0005481317639350891,0.02573855221271515,-0.019036293029785156,0.30623990297317505,0.693760097026825,0.0008127840701490641,0.9991872310638428,7.907369763415772e-06,0.9999920725822449,train,0.3875681016927814
banana_1,banana,left,stable,0,0,40,70,fill a stable/contact-stable window; recommended about 30 frames,52,052.png,0.85,local_stable_slip_windows_1based_frames_v2,unknown,-0.10889086872339249,-0.14887453615665436,0.9722136855125427,0.9722136855125427,0.18444741474792778,0.9895556068787016,0.1897188115922038,0.00023326260270550847,0.004648707807064056,0.024846315383911133,-0.018852412700653076,0.2862887978553772,0.7137112021446228,0.000743768410757184,0.9992562532424927,7.106164503056789e-06,0.9999929070472717,train,0.3967310991375109
banana_1,banana,left,stable,0,0,40,70,fill a stable/contact-stable window; recommended about 30 frames,53,053.png,0.8666666666666667,local_stable_slip_windows_1based_frames_v2,unknown,-0.1166476383805275,-0.10197445750236511,0.9568604826927185,0.9568604826927185,0.1549369598341725,0.9693231890662671,0.16192203640401745,0.00024391654005739838,-0.0036169588565826416,0.04132911562919617,-0.017998874187469482,0.30425935983657837,0.6957406401634216,0.0013518731575459242,0.9986481070518494,2.0101264453842305e-05,0.9999799132347107,train,0.3909617656317267
banana_1,banana,left,stable,0,0,40,70,fill a stable/contact-stable window; recommended about 30 frames,54,054.png,0.8833333333333333,local_stable_slip_windows_1based_frames_v2,unknown,-0.11330194771289825,-0.17899289727210999,0.9875103831291199,0.9875103831291199,0.21183906303937536,1.009976507359068,0.2145180973692906,0.0005632959655486047,0.007699295878410339,-0.02227458357810974,-0.004038989543914795,0.4359108507633209,0.5640891790390015,0.0013420939212664962,0.9986578822135925,1.4110002666711807e-05,0.9999858736991882,train,0.3548654112388005
banana_1,banana,left,stable,0,0,40,70,fill a stable/contact-stable window; recommended about 30 frames,55,055.png,0.9,local_stable_slip_windows_1based_frames_v2,unknown,-0.11129274219274521,-0.15298177301883698,0.9788370132446289,0.9788370132446289,0.18918112310896087,0.9969510498707715,0.1932711240768713,0.0007227503228932619,-0.000635288655757904,0.027135074138641357,-0.01700657606124878,0.3192921578884125,0.6807078123092651,0.0008254876011051238,0.9991745352745056,7.841003935027402e-06,0.9999921321868896,train,0.3855779094060743
banana_1,banana,left,stable,0,0,40,70,fill a stable/contact-stable window; recommended about 30 frames,56,056.png,0.9166666666666666,local_stable_slip_windows_1based_frames_v2,unknown,-0.1099603995680809,-0.13385331630706787,0.9622389078140259,0.9622389078140259,0.17322817253429643,0.9777073772201482,0.1800259697478444,0.00046208419371396303,0.00411667674779892,0.005334764719009399,-0.012227773666381836,0.32367002964019775,0.6763299703598022,0.00139484996907413,0.9986051321029663,2.0596573449438438e-05,0.9999793767929077,train,0.39014324714833776
banana_1,banana,left,stable,0,0,40,70,fill a stable/contact-stable window; recommended about 30 frames,57,057.png,0.9333333333333333,local_stable_slip_windows_1based_frames_v2,unknown,-0.11542964726686478,-0.12205718457698822,0.9636699557304382,0.9636699557304382,0.16799392779208955,0.9782033241369191,0.17432706339556991,0.0004583754052873701,-0.00653877854347229,0.026817351579666138,-0.008543729782104492,0.41024813055992126,0.5897518396377563,0.00246070371940732,0.9975392818450928,4.604485729942098e-05,0.9999539256095886,train,0.3597148682640034
banana_1,banana,left,stable,0,0,40,70,fill a stable/contact-stable window; recommended about 30 frames,58,058.png,0.95,local_stable_slip_windows_1based_frames_v2,unknown,-0.11147463321685791,-0.11694084107875824,0.9616395235061646,0.9616395235061646,0.1615603731211351,0.9751165711504464,0.16800495525301085,0.0003380496636964381,0.005173005163669586,-0.014966383576393127,0.004779040813446045,0.5211507678031921,0.47884923219680786,0.005989024415612221,0.9940109848976135,0.0001734695106279105,0.9998265504837036,train,0.3346113695027791
banana_1,banana,left,stable,0,0,40,70,fill a stable/contact-stable window; recommended about 30 frames,59,059.png,0.9666666666666667,local_stable_slip_windows_1based_frames_v2,unknown,-0.11097691208124161,-0.134530708193779,0.9603443741798401,0.9603443741798401,0.17439720887160823,0.9760510762665425,0.18159842652498637,0.0004453631700016558,0.0023250356316566467,0.044462189078330994,-0.027166008949279785,0.23789618909358978,0.762103796005249,0.000597726902924478,0.9994022846221924,5.34403352503432e-06,0.9999946355819702,train,0.4026656796619684
banana_1,banana,left,stable,0,0,40,70,fill a stable/contact-stable window; recommended about 30 frames,60,060.png,0.9833333333333333,local_stable_slip_windows_1based_frames_v2,unknown,-0.10635595768690109,-0.15889529883861542,0.9769608974456787,0.9769608974456787,0.19120487893490268,0.9954958065538884,0.19571375243478634,0.000808865122962743,0.004936784505844116,-0.005913525819778442,-0.0018761157989501953,0.4542919099330902,0.5457080602645874,0.0025157772470265627,0.9974842071533203,4.28696112066973e-05,0.9999571442604065,train,0.3532015247118768
banana_1,banana,left,stable,0,0,40,70,fill a stable/contact-stable window; recommended about 30 frames,61,061.png,1.0,local_stable_slip_windows_1based_frames_v2,unknown,-0.11083473265171051,-0.16208761930465698,0.9786003828048706,0.9786003828048706,0.1963586878491185,0.9981059280054732,0.20065237112818557,0.0003429794160183519,-0.0008743330836296082,-0.02823430299758911,0.016361474990844727,0.6932002902030945,0.3067997097969055,0.012465003877878189,0.9875349998474121,0.00035305501660332084,0.9996469616889954,train,0.2770549247280841
banana_1,banana,left,stable,0,0,40,70,fill a stable/contact-stable window; recommended about 30 frames,62,062.png,1.0166666666666666,local_stable_slip_windows_1based_frames_v2,unknown,-0.1067931205034256,-0.17792005836963654,0.9908037781715393,0.9908037781715393,0.2075098015928743,1.012300570283407,0.20943560847154882,0.0009114970453083515,0.008636526763439178,-0.055862873792648315,0.027133822441101074,0.9618074893951416,0.0381925106048584,0.09935984015464783,0.9006401300430298,0.0014395029284060001,0.9985604882240295,train,0.1487235154507273
banana_1,banana,left,stable,0,0,40,70,fill a stable/contact-stable window; recommended about 30 frames,63,063.png,1.0333333333333334,local_stable_slip_windows_1based_frames_v2,unknown,-0.10647650063037872,-0.17936189472675323,0.9930118918418884,0.9930118918418884,0.2085855567062637,1.0146824881734524,0.210053221282323,0.00032127785379998386,0.004998132586479187,-0.062421053647994995,0.03137236833572388,0.9625470638275146,0.03745293617248535,0.13319256901741028,0.8668074607849121,0.0026185165625065565,0.9973815083503723,train,0.13268790894681384
banana_1,banana,left,stable,0,0,40,70,fill a stable/contact-stable window; recommended about 30 frames,64,064.png,1.05,local_stable_slip_windows_1based_frames_v2,unknown,-0.11256387829780579,-0.13010914623737335,0.9700760841369629,0.9700760841369629,0.17204364746209444,0.9852139999241614,0.17735049129127145,0.0005301862256601453,-0.0015869662165641785,0.00442156195640564,0.009731709957122803,0.6246724128723145,0.37532758712768555,0.009140248410403728,0.9908597469329834,0.00026229984359815717,0.9997376799583435,train,0.3004750235890684
banana_1,banana,left,stable,0,0,40,70,fill a stable/contact-stable window; recommended about 30 frames,65,065.png,1.0666666666666667,local_stable_slip_windows_1based_frames_v2,unknown,-0.0909765288233757,-0.1899084746837616,0.9936845302581787,0.9936845302581787,0.2105753013851896,1.0157513983391215,0.21191342227805013,0.0004044689703732729,0.01537942886352539,-0.03101317584514618,0.0167236328125,0.9140785932540894,0.08592140674591064,0.017047978937625885,0.9829519987106323,0.00011866037675645202,0.9998813271522522,train,0.2057316782079992
banana_1,banana,left,stable,0,0,40,70,fill a stable/contact-stable window; recommended about 30 frames,66,066.png,1.0833333333333333,local_stable_slip_windows_1based_frames_v2,unknown,-0.11129289865493774,-0.1452031433582306,0.9719390273094177,0.9719390273094177,0.18294824987446343,0.9890073482736649,0.18822997791428722,0.0003482345782686025,-0.0004581660032272339,0.01688447594642639,-0.006661355495452881,0.39025676250457764,0.6097432374954224,0.001883586635813117,0.9981164336204529,3.004759673785884e-05,0.9999699592590332,train,0.37254730714576556
banana_1,banana,left,stable,0,0,40,70,fill a stable/contact-stable window; recommended about 30 frames,67,067.png,1.1,local_stable_slip_windows_1based_frames_v2,unknown,-0.102855384349823,-0.1921287328004837,0.9947296977043152,0.9947296977043152,0.21792815342967847,1.018322076531874,0.21908256569604515,0.0006194958696141839,0.0039377361536026,-0.014208674430847168,0.003925919532775879,0.6604788899421692,0.3395211100578308,0.002365350956097245,0.9976346492767334,1.8060034562950023e-05,0.9999819397926331,train,0.2803734755310816
banana_1,banana,left,stable,0,0,40,70,fill a stable/contact-stable window; recommended about 30 frames,68,068.png,1.1166666666666667,local_stable_slip_windows_1based_frames_v2,unknown,-0.10519176721572876,-0.15214453637599945,0.9720551371574402,0.9720551371574402,0.1849682887390049,0.989497073019019,0.190285603545391,0.0008930498734116554,0.0012847334146499634,0.027217358350753784,-0.020956754684448242,0.27633121609687805,0.7236688137054443,0.0006891328957863152,0.9993108510971069,6.380934337357758e-06,0.999993622303009,train,0.3966344417090815
banana_1,banana,left,stable,0,0,40,70,fill a stable/contact-stable window; recommended about 30 frames,69,069.png,1.1333333333333333,local_stable_slip_windows_1based_frames_v2,unknown,-0.09711065888404846,-0.18016330897808075,0.9925112724304199,0.9925112724304199,0.20466875181821334,1.0133942588510538,0.20621281721487392,0.00042606526403687894,0.015453219413757324,-0.0500541627407074,0.02243518829345703,0.9678663611412048,0.032133638858795166,0.0608721561729908,0.9391278624534607,0.0004162273835390806,0.9995837807655334,train,0.16722519438477235
banana_1,banana,left,stable,0,0,40,70,fill a stable/contact-stable window; recommended about 30 frames,70,070.png,1.15,local_stable_slip_windows_1based_frames_v2,unknown,-0.09262950718402863,-0.17840641736984253,0.9901887774467468,0.9901887774467468,0.20102008695625037,1.0103874951430176,0.20301167668544365,0.0006838632980361581,-0.0016529783606529236,0.011502057313919067,-0.0034957528114318848,0.644166886806488,0.35583311319351196,0.0011008873116225004,0.9988991022109985,4.432675268617459e-06,0.9999955892562866,train,0.2777981169442979
banana_1,banana,left,slip,0,1,27,37,fill only if visible slip/instability occurs; recommended about 30 frames; delete or keep empty [] if no slip,27,027.png,0.43333333333333335,local_stable_slip_windows_1based_frames_v2,unknown,-0.18045568466186523,-0.1569892317056656,1.036811351776123,1.036811351776123,0.2391858545113354,1.0640430687571576,0.2306934847965453,0.000365271233022213,0.0,0.0,0.0,0.4483669400215149,0.5516330599784851,0.0005186892230994999,0.9994813203811646,2.106888359776349e-06,0.9999979138374329,train,0.3639606764179594
banana_1,banana,left,slip,0,1,27,37,fill only if visible slip/instability occurs; recommended about 30 frames; delete or keep empty [] if no slip,28,028.png,0.45,local_stable_slip_windows_1based_frames_v2,unknown,-0.17814338207244873,-0.15335318446159363,1.0238158702850342,1.0238158702850342,0.2350580008438811,1.050452854728961,0.22958988825652007,8.625764166936278e-05,0.002312302589416504,0.0036360472440719604,-0.012995481491088867,0.21965351700782776,0.7803465127944946,0.0002924833388533443,0.9997075200080872,1.47941477735003e-06,0.9999985098838806,train,0.4366669731499012
banana_1,banana,left,slip,0,1,27,37,fill only if visible slip/instability occurs; recommended about 30 frames; delete or keep empty [] if no slip,29,029.png,0.4666666666666667,local_stable_slip_windows_1based_frames_v2,unknown,-0.16204655170440674,-0.18486475944519043,1.0336748361587524,1.0336748361587524,0.24583340742058857,1.0625054028624235,0.2378244695494975,0.00024069380015134811,0.018409132957458496,-0.02787552773952484,-0.0031365156173706055,0.5220852494239807,0.4779147505760193,0.0003354187065269798,0.9996646046638489,6.982857030379819e-07,0.9999992847442627,train,0.32838334781170175
banana_1,banana,left,slip,0,1,27,37,fill only if visible slip/instability occurs; recommended about 30 frames; delete or keep empty [] if no slip,30,030.png,0.48333333333333334,local_stable_slip_windows_1based_frames_v2,unknown,-0.17969250679016113,-0.22257918119430542,1.0432988405227661,1.0432988405227661,0.2860609880736266,1.0818056015448467,0.27418866270533515,0.0001710502983769402,0.0007631778717041016,-0.06558994948863983,0.006487488746643066,0.4804063141345978,0.5195937156677246,0.00048599057481624186,0.9995139837265015,1.6610804323136108e-06,0.9999983310699463,train,0.34719644824768864
banana_1,banana,left,slip,0,1,27,37,fill only if visible slip/instability occurs; recommended about 30 frames; delete or keep empty [] if no slip,31,031.png,0.5,local_stable_slip_windows_1based_frames_v2,unknown,-0.22681263089179993,-0.13365299999713898,1.0015047788619995,1.0015047788619995,0.2632624051023904,1.0355283270020756,0.2628665861534346,0.001385906827636063,-0.04635694622993469,0.02333623170852661,-0.035306572914123535,0.04597722738981247,0.9540227651596069,4.283789894543588e-05,0.9999571442604065,9.853532390025066e-08,0.9999998807907104,train,0.4434817473392061
banana_1,banana,left,slip,0,1,27,37,fill only if visible slip/instability occurs; recommended about 30 frames; delete or keep empty [] if no slip,32,032.png,0.5166666666666667,local_stable_slip_windows_1based_frames_v2,unknown,-0.26026925444602966,-0.1651686280965805,1.0126851797103882,1.0126851797103882,0.3082543763147551,1.0585613037147446,0.3043927946196628,0.5310075879096985,-0.07981356978416443,-0.008179396390914917,-0.024126172065734863,0.00878905225545168,0.9912109375,2.7516713089426048e-05,0.9999724626541138,8.04378359475777e-08,0.9999999403953552,train,0.9488144111827609
banana_1,banana,left,slip,0,1,27,37,fill only if visible slip/instability occurs; recommended about 30 frames; delete or keep empty [] if no slip,33,033.png,0.5333333333333333,local_stable_slip_windows_1based_frames_v2,unknown,-0.26662734150886536,-0.1571052372455597,1.017147183418274,1.017147183418274,0.3094708303056505,1.0631841738597299,0.3042534365697129,0.7071525454521179,-0.08848395943641663,-0.0037520527839660645,-0.006668686866760254,0.007111845538020134,0.9928881525993347,3.2548410672461614e-05,0.9999674558639526,1.1885673956157916e-07,0.9999998807907104,train,0.9835425487296906
banana_1,banana,left,slip,0,1,27,37,fill only if visible slip/instability occurs; recommended about 30 frames; delete or keep empty [] if no slip,34,034.png,0.55,local_stable_slip_windows_1based_frames_v2,unknown,-0.26011353731155396,-0.14811035990715027,1.0154387950897217,1.0154387950897217,0.2993254600005732,1.0586367070802998,0.29477420665212906,0.7534469366073608,-0.09806698560714722,0.03675439953804016,-0.01823604106903076,0.0036460179835557938,0.9963539838790894,1.379860350425588e-05,0.9999861717224121,3.270303139402131e-08,0.9999999403953552,train,0.9863899414682988
banana_1,banana,left,slip,0,1,27,37,fill only if visible slip/instability occurs; recommended about 30 frames; delete or keep empty [] if no slip,35,035.png,0.5666666666666667,local_stable_slip_windows_1based_frames_v2,unknown,-0.24456393718719482,-0.16392631828784943,1.0112948417663574,1.0112948417663574,0.2944203749741371,1.0532808809539616,0.29113179627031227,0.7503452897071838,-0.06487143039703369,0.058652862906455994,-0.03200399875640869,0.002975118812173605,0.9970248937606812,7.886856110417284e-06,0.9999921321868896,1.3001324461470176e-08,1.0,train,0.9854766208289963
banana_1,banana,left,slip,0,1,27,37,fill only if visible slip/instability occurs; recommended about 30 frames; delete or keep empty [] if no slip,36,036.png,0.5833333333333334,local_stable_slip_windows_1based_frames_v2,unknown,-0.21120670437812805,-0.15668709576129913,1.0038914680480957,1.0038914680480957,0.2629812121661555,1.0377654829353986,0.2619615352603246,0.016323473304510117,0.015605926513671875,-0.023034095764160156,0.0023866891860961914,0.13371779024600983,0.8662822246551514,0.0002256614825455472,0.9997743368148804,1.2639635542655014e-06,0.9999987483024597,train,0.5247813990412472
banana_1,banana,left,slip,0,1,27,37,fill only if visible slip/instability occurs; recommended about 30 frames; delete or keep empty [] if no slip,37,037.png,0.6,local_stable_slip_windows_1based_frames_v2,unknown,-0.13849405944347382,-0.20778438448905945,1.0113033056259155,1.0113033056259155,0.24970974137712318,1.041676212125694,0.24691849919750225,0.000885475892573595,0.12177519500255585,-0.04261575639247894,-0.0013818740844726562,0.3489479422569275,0.6510520577430725,0.0003326952864881605,0.9996672868728638,1.3359513104660437e-06,0.9999986886978149,train,0.44064453250852725
banana_1,banana,right,stable,0,0,40,70,fill a stable/contact-stable window; recommended about 30 frames,40,040.png,0.65,local_stable_slip_windows_1based_frames_v2,unknown,-0.036942414939403534,0.09053313732147217,0.3727973699569702,0.3727973699569702,0.09778031997709766,0.3854074078448126,0.262287412867132,0.45313411951065063,0.022241342812776566,0.02891569584608078,-0.02945759892463684,0.024501066654920578,0.9754989147186279,0.004418384749442339,0.9955816268920898,0.0007670314516872168,0.9992329478263855,train,0.898087832249804
banana_1,banana,right,stable,0,0,40,70,fill a stable/contact-stable window; recommended about 30 frames,41,041.png,0.6666666666666666,local_stable_slip_windows_1based_frames_v2,unknown,-0.027506394311785698,0.042377207428216934,0.3582974076271057,0.3582974076271057,0.05052157398032608,0.3618417634128956,0.14100418228178602,0.023157864809036255,0.017833692952990532,0.003776460886001587,-0.02919328212738037,0.16655634343624115,0.8334436416625977,0.016371412202715874,0.9836285710334778,0.004604265093803406,0.9953957200050354,train,0.3441189206723703
banana_1,banana,right,stable,0,0,40,70,fill a stable/contact-stable window; recommended about 30 frames,42,042.png,0.6833333333333333,local_stable_slip_windows_1based_frames_v2,unknown,-0.05572979152202606,-0.006273769307881594,0.4355310797691345,0.4355310797691345,0.05608181384742299,0.4391269648851972,0.12876620679044049,0.01304641179740429,-0.020063191652297974,-0.03125440003350377,0.07831248641014099,0.9999711513519287,2.8848648071289062e-05,0.9998500347137451,0.0001499652862548828,0.9980252981185913,0.0019747018814086914,train,4.8686208447296866e-05
banana_1,banana,right,stable,0,0,40,70,fill a stable/contact-stable window; recommended about 30 frames,43,043.png,0.7,local_stable_slip_windows_1based_frames_v2,unknown,-0.04718153923749924,0.031105773523449898,0.4095393419265747,0.4095393419265747,0.05651253658536163,0.4134200519773608,0.13799015823328487,0.006559660658240318,-0.011514939367771149,0.006125142797827721,0.05232074856758118,0.9844464659690857,0.015553534030914307,0.9137007594108582,0.08629924058914185,0.8146374821662903,0.18536251783370972,train,0.0001256606825640856
banana_1,banana,right,stable,0,0,40,70,fill a stable/contact-stable window; recommended about 30 frames,44,044.png,0.7166666666666667,local_stable_slip_windows_1based_frames_v2,unknown,-0.05830855667591095,0.04885488748550415,0.4134088158607483,0.4134088158607483,0.07607028206105976,0.420349303370703,0.18400695663859865,0.054006561636924744,-0.02264195680618286,0.023874256759881973,0.05619022250175476,0.9098004102706909,0.09019958972930908,0.6035453677177429,0.3964546322822571,0.46225765347480774,0.5377423763275146,train,0.003418993408148008
banana_1,banana,right,stable,0,0,40,70,fill a stable/contact-stable window; recommended about 30 frames,45,045.png,0.7333333333333333,local_stable_slip_windows_1based_frames_v2,unknown,-0.03227986395359039,0.05560106039047241,0.3653140366077423,0.3653140366077423,0.06429204875727064,0.3709283123139162,0.17599069929964134,0.05924104526638985,0.004662550985813141,-0.034932076930999756,-0.007483333349227905,0.26068753004074097,0.739312469959259,0.03723802790045738,0.9627619981765747,0.016743220388889313,0.9832567572593689,train,0.3500974643203688
banana_1,banana,right,stable,0,0,40,70,fill a stable/contact-stable window; recommended about 30 frames,46,046.png,0.75,local_stable_slip_windows_1based_frames_v2,unknown,-0.04459644481539726,0.06010133773088455,0.3926287591457367,0.3926287591457367,0.0748399204116,0.39969783111187324,0.19061194081272084,0.5412943363189697,-0.017090050503611565,0.017724130302667618,0.03433135151863098,0.3856754004955292,0.6143245697021484,0.1219153180718422,0.878084659576416,0.08265199512243271,0.9173480272293091,train,0.8423697062366112
banana_1,banana,right,stable,0,0,40,70,fill a stable/contact-stable window; recommended about 30 frames,47,047.png,0.7666666666666667,local_stable_slip_windows_1based_frames_v2,unknown,-0.0287405326962471,0.01672731153666973,0.3783053159713745,0.3783053159713745,0.03325388956060408,0.37976404946112313,0.08790202054971855,0.0014781160280108452,0.02698925882577896,0.023001080844551325,-0.05722576379776001,0.12744121253490448,0.8725587725639343,0.007756284903734922,0.9922437071800232,0.0013280444545671344,0.9986719489097595,train,0.30360627753542047
banana_1,banana,right,stable,0,0,40,70,fill a stable/contact-stable window; recommended about 30 frames,48,048.png,0.7833333333333333,local_stable_slip_windows_1based_frames_v2,unknown,-0.06560033559799194,-0.01960924081504345,0.46486371755599976,0.46486371755599976,0.06846843328068443,0.4698789229747338,0.1472867926838014,0.0016076365718618035,-0.018418796360492706,-0.05071501433849335,0.05532437562942505,0.9995396137237549,0.0004603862762451172,0.9974575638771057,0.002542436122894287,0.9850332140922546,0.014966785907745361,train,4.0044355770835235e-05
banana_1,banana,right,stable,0,0,40,70,fill a stable/contact-stable window; recommended about 30 frames,49,049.png,0.8,local_stable_slip_windows_1based_frames_v2,unknown,-0.04414559155702591,0.03584541380405426,0.3840135335922241,0.3840135335922241,0.05686586801152024,0.3882011346282876,0.14808259333201373,0.025789842009544373,0.01416296511888504,-0.01300947368144989,-0.02939528226852417,0.08716893196105957,0.9128310680389404,0.005406407173722982,0.994593620300293,0.0007352781249210238,0.9992647171020508,train,0.39587824054508336
banana_1,banana,right,stable,0,0,40,70,fill a stable/contact-stable window; recommended about 30 frames,50,050.png,0.8166666666666667,local_stable_slip_windows_1based_frames_v2,unknown,-0.029010556638240814,0.05127611756324768,0.35469338297843933,0.35469338297843933,0.05891394256727838,0.3595528452919131,0.16609776019728953,0.0021724095568060875,0.003269307315349579,-0.0043249428272247314,-0.010620653629302979,0.1798510104417801,0.8201490044593811,0.018132852390408516,0.9818671345710754,0.005398067645728588,0.9946019053459167,train,0.33576412923821325
banana_1,banana,right,stable,0,0,40,70,fill a stable/contact-stable window; recommended about 30 frames,51,051.png,0.8333333333333334,local_stable_slip_windows_1based_frames_v2,unknown,-0.044359639286994934,0.0628536120057106,0.38297921419143677,0.38297921419143677,0.07693083997875437,0.39062953375612436,0.20087418913056346,0.49645286798477173,0.0002368055284023285,0.00275227427482605,-0.009649544954299927,0.04115375503897667,0.9588462710380554,0.007909495383501053,0.9920905232429504,0.001955465180799365,0.9980445504188538,train,0.9257419925232749
banana_1,banana,right,stable,0,0,40,70,fill a stable/contact-stable window; recommended about 30 frames,52,052.png,0.85,local_stable_slip_windows_1based_frames_v2,unknown,-0.02871938981115818,0.06589522212743759,0.3511500358581543,0.3511500358581543,0.07188173377395399,0.35843176663562154,0.20470318020929962,0.015493011102080345,2.1142885088920593e-05,0.04916791059076786,-0.027155280113220215,0.07516534626483917,0.924834668636322,0.0052649411372840405,0.994735062122345,0.00072979781543836,0.9992702007293701,train,0.3860863066585318
banana_1,banana,right,stable,0,0,40,70,fill a stable/contact-stable window; recommended about 30 frames,53,053.png,0.8666666666666667,local_stable_slip_windows_1based_frames_v2,unknown,-0.03983296826481819,0.027934083715081215,0.3895341455936432,0.3895341455936432,0.04865160217081426,0.392560605482971,0.12489656638471033,0.01194166112691164,0.025767367333173752,0.047543324530124664,-0.07532957196235657,0.06064539775252342,0.9393545985221863,0.003361593931913376,0.9966384172439575,0.00033853392233140767,0.9996614456176758,train,0.31654860377571303
banana_1,banana,right,stable,0,0,40,70,fill a stable/contact-stable window; recommended about 30 frames,54,054.png,0.8833333333333333,local_stable_slip_windows_1based_frames_v2,unknown,-0.031359560787677765,0.041517700999975204,0.36493754386901855,0.36493754386901855,0.05203019843436501,0.36862793230338803,0.14257249421436657,0.5554478764533997,0.012786030769348145,0.005672287195920944,-0.019075989723205566,0.05110783129930496,0.9488921761512756,0.010445267893373966,0.9895547032356262,0.002976651070639491,0.997023344039917,train,0.9416383743817236
banana_1,banana,right,stable,0,0,40,70,fill a stable/contact-stable window; recommended about 30 frames,55,055.png,0.9,local_stable_slip_windows_1based_frames_v2,unknown,-0.04153073579072952,0.07191260159015656,0.3687445819377899,0.3687445819377899,0.08304350837232233,0.37797988172819386,0.22520543279711044,0.01290078368037939,-0.012520179152488708,0.020636484026908875,0.014051198959350586,0.2831023037433624,0.71689772605896,0.03984875604510307,0.9601512551307678,0.017794428393244743,0.9822055697441101,train,0.31778939752041
banana_1,banana,right,stable,0,0,40,70,fill a stable/contact-stable window; recommended about 30 frames,56,056.png,0.9166666666666666,local_stable_slip_windows_1based_frames_v2,unknown,-0.019588740542531013,0.019582616165280342,0.3256506025791168,0.3256506025791168,0.027698332294910775,0.3268264257554171,0.0850551082062662,0.02848459966480732,0.02477089874446392,-0.04327099584043026,-0.057328611612319946,0.06866326183080673,0.9313367605209351,0.0036710279528051615,0.9963289499282837,0.00037111787241883576,0.9996289014816284,train,0.34728448596820355
banana_1,banana,right,stable,0,0,40,70,fill a stable/contact-stable window; recommended about 30 frames,57,057.png,0.9333333333333333,local_stable_slip_windows_1based_frames_v2,unknown,-0.03296981006860733,0.03758558630943298,0.36041948199272156,0.36041948199272156,0.049996846642402136,0.36387070186274356,0.13871810604651427,0.005875841248780489,-0.00425042025744915,-0.028309635818004608,0.00926944613456726,0.3827008008956909,0.6172991991043091,0.06248924136161804,0.9375107288360596,0.03277890011668205,0.9672210812568665,train,0.2334432693156484
banana_1,banana,right,stable,0,0,40,70,fill a stable/contact-stable window; recommended about 30 frames,58,058.png,0.95,local_stable_slip_windows_1based_frames_v2,unknown,-0.042311206459999084,0.047501660883426666,0.380993127822876,0.380993127822876,0.06361325316932577,0.38626727718905085,0.16696649245706893,0.0023466707207262516,-0.002478238195180893,0.01956757716834545,-0.008541017770767212,0.18877165019512177,0.811228334903717,0.018730826675891876,0.9812691807746887,0.005753952078521252,0.9942460656166077,train,0.34100427048115883
banana_1,banana,right,stable,0,0,40,70,fill a stable/contact-stable window; recommended about 30 frames,59,059.png,0.9666666666666667,local_stable_slip_windows_1based_frames_v2,unknown,-0.02860759198665619,0.02776157483458519,0.3599027395248413,0.3599027395248413,0.03986350908501746,0.3621036885673177,0.11076158624427407,0.004019949585199356,0.002751968801021576,-0.013756126165390015,-0.005034804344177246,0.246476411819458,0.753523588180542,0.022928651422262192,0.9770713448524475,0.007244420703500509,0.9927555918693542,train,0.31872624236016445
banana_1,banana,right,stable,0,0,40,70,fill a stable/contact-stable window; recommended about 30 frames,60,060.png,0.9833333333333333,local_stable_slip_windows_1based_frames_v2,unknown,-0.05027949437499046,0.024046659469604492,0.41137537360191345,0.41137537360191345,0.05573391594219643,0.41513367412481206,0.13548156753438112,0.011536519974470139,-0.00874875858426094,-0.04786594212055206,0.042630791664123535,0.9532581567764282,0.04674184322357178,0.7646916508674622,0.23530834913253784,0.6270051598548889,0.3729948401451111,train,0.0005271123879948942
banana_1,banana,right,stable,0,0,40,70,fill a stable/contact-stable window; recommended about 30 frames,61,061.png,1.0,local_stable_slip_windows_1based_frames_v2,unknown,-0.018398260697722435,0.021314328536391258,0.3428041636943817,0.3428041636943817,0.028156643934577515,0.34395856035845807,0.08213599711024125,0.0030004007276147604,0.0011904798448085785,0.0017317123711109161,0.017153561115264893,0.5338647961616516,0.4661352038383484,0.11029861867427826,0.8897013664245605,0.06563198566436768,0.9343680143356323,train,0.15038494855729145
banana_1,banana,right,stable,0,0,40,70,fill a stable/contact-stable window; recommended about 30 frames,62,062.png,1.0166666666666666,local_stable_slip_windows_1based_frames_v2,unknown,-0.04704882949590683,-0.008860556408762932,0.4214286506175995,0.4214286506175995,0.047875900167075526,0.4241393749443436,0.11360353999039707,0.0008818115456961095,-0.0140790194272995,-0.046446142718195915,0.06100916862487793,0.9983744621276855,0.0016255378723144531,0.9912716746330261,0.008728325366973877,0.9651039242744446,0.03489607572555542,train,4.656754049471831e-05
banana_1,banana,right,stable,0,0,40,70,fill a stable/contact-stable window; recommended about 30 frames,63,063.png,1.0333333333333334,local_stable_slip_windows_1based_frames_v2,unknown,-0.045823968946933746,0.042271316051483154,0.39142417907714844,0.39142417907714844,0.06234340615312838,0.39635790424437545,0.15927285592642146,0.15941394865512848,-0.003512762486934662,-0.005230344831943512,0.010431051254272461,0.24026834964752197,0.759731650352478,0.03371753171086311,0.9662824869155884,0.014642732217907906,0.9853572845458984,train,0.5528204980983418
banana_1,banana,right,stable,0,0,40,70,fill a stable/contact-stable window; recommended about 30 frames,64,064.png,1.05,local_stable_slip_windows_1based_frames_v2,unknown,-0.03819389268755913,0.047884538769721985,0.3676742613315582,0.3676742613315582,0.06125114277968853,0.37274128418720237,0.16659032907969878,0.003585007507354021,-0.009586300700902939,0.020122963935136795,0.007771521806716919,0.23013518750667572,0.7698647975921631,0.020416375249624252,0.9795836210250854,0.006145182065665722,0.993854820728302,train,0.3507604178403701
banana_1,banana,right,stable,0,0,40,70,fill a stable/contact-stable window; recommended about 30 frames,65,065.png,1.0666666666666667,local_stable_slip_windows_1based_frames_v2,unknown,-0.02820095419883728,0.04004727303981781,0.35564786195755005,0.35564786195755005,0.04898038276341495,0.35900484622164536,0.13772118514261186,0.006864177528768778,0.022078540176153183,0.016000613570213318,-0.0557275116443634,0.06888919323682785,0.9311107993125916,0.004359094426035881,0.9956409335136414,0.0005237744771875441,0.9994762539863586,train,0.3305286451512142
banana_1,banana,right,stable,0,0,40,70,fill a stable/contact-stable window; recommended about 30 frames,66,066.png,1.0833333333333333,local_stable_slip_windows_1based_frames_v2,unknown,-0.05566387251019478,-0.0077478112652897835,0.4366799592971802,0.4366799592971802,0.056200491832667884,0.44028159413495893,0.12869920392938644,0.12456877529621124,-0.03726561181247234,-0.02906213980168104,0.09387579560279846,0.9999797344207764,2.0265579223632812e-05,0.9998959302902222,0.00010406970977783203,0.9984449744224548,0.001555025577545166,train,0.00010361806517663859
banana_1,banana,right,stable,0,0,40,70,fill a stable/contact-stable window; recommended about 30 frames,67,067.png,1.1,local_stable_slip_windows_1based_frames_v2,unknown,-0.041792403906583786,0.003988061100244522,0.4006785452365875,0.4006785452365875,0.041982254056092835,0.40287194773096136,0.10477763228792665,0.006198136601597071,0.005256425589323044,0.012848617509007454,-0.020750105381011963,0.242949977517128,0.7570500373840332,0.02084556594491005,0.9791544079780579,0.006418981589376926,0.9935809969902039,train,0.3078826147699215
banana_1,banana,right,stable,0,0,40,70,fill a stable/contact-stable window; recommended about 30 frames,68,068.png,1.1166666666666667,local_stable_slip_windows_1based_frames_v2,unknown,-0.03721282631158829,0.02860429883003235,0.3764607608318329,0.3764607608318329,0.046936130578204116,0.3793754140686198,0.12467702024899865,0.0038971283938735723,0.008611142635345459,-0.013667017221450806,-0.014963418245315552,0.17560626566410065,0.8243937492370605,0.012692168354988098,0.9873078465461731,0.0028529465198516846,0.9971470832824707,train,0.3463038924099196
banana_1,banana,right,stable,0,0,40,70,fill a stable/contact-stable window; recommended about 30 frames,69,069.png,1.1333333333333333,local_stable_slip_windows_1based_frames_v2,unknown,-0.03763006255030632,0.022525601089000702,0.37605541944503784,0.37605541944503784,0.04385686162917675,0.3786041505397743,0.11662308994458373,0.0036412766203284264,0.0005638301372528076,-0.025358937680721283,0.008381158113479614,0.3321070969104767,0.6678929328918457,0.03546496480703354,0.9645350575447083,0.013464328832924366,0.9865356683731079,train,0.2919028371737046
banana_1,banana,right,stable,0,0,40,70,fill a stable/contact-stable window; recommended about 30 frames,70,070.png,1.15,local_stable_slip_windows_1based_frames_v2,unknown,-0.027100129052996635,0.029348671436309814,0.35807883739471436,0.35807883739471436,0.03994698373801882,0.36030017388243907,0.11155887477122856,0.10696376115083694,0.0011008251458406448,-0.010698601603507996,0.0024309754371643066,0.26271435618400574,0.7372856140136719,0.031745679676532745,0.9682543277740479,0.012610157020390034,0.987389862537384,train,0.4526398336633869
banana_1,banana,right,slip,0,1,27,37,fill only if visible slip/instability occurs; recommended about 30 frames; delete or keep empty [] if no slip,27,027.png,0.43333333333333335,local_stable_slip_windows_1based_frames_v2,unknown,-0.0727115347981453,-0.053022585809230804,0.5294599533081055,0.5294599533081055,0.08999089897650282,0.5370532599804422,0.16996701723561294,0.00023330730618909,0.0,0.0,0.0,0.7549587488174438,0.24504125118255615,0.062179502099752426,0.9378204941749573,0.00954345241189003,0.9904565215110779,train,0.14824676019639216
banana_1,banana,right,slip,0,1,27,37,fill only if visible slip/instability occurs; recommended about 30 frames; delete or keep empty [] if no slip,28,028.png,0.45,local_stable_slip_windows_1based_frames_v2,unknown,-0.043729446828365326,0.06331269443035126,0.3982992470264435,0.3982992470264435,0.07694648657311041,0.4056637178474034,0.19318714248249483,0.00048643251648172736,0.028982087969779968,0.11633528023958206,-0.131160706281662,0.004028913099318743,0.9959710836410522,2.651321301527787e-05,0.999973475933075,9.570867831598662e-08,0.9999998807907104,train,0.23761507085126493
banana_1,banana,right,slip,0,1,27,37,fill only if visible slip/instability occurs; recommended about 30 frames; delete or keep empty [] if no slip,29,029.png,0.4666666666666667,local_stable_slip_windows_1based_frames_v2,unknown,-0.036259133368730545,0.08468262851238251,0.366493284702301,0.366493284702301,0.0921187946318099,0.3778931066535872,0.25135124469031467,0.20450839400291443,0.03645240142941475,0.1377052143216133,-0.16296666860580444,0.0006313204648904502,0.9993686676025391,2.5840502075880067e-06,0.9999974370002747,2.9657634126323273e-09,1.0,train,0.4345149677348658
banana_1,banana,right,slip,0,1,27,37,fill only if visible slip/instability occurs; recommended about 30 frames; delete or keep empty [] if no slip,30,030.png,0.48333333333333334,local_stable_slip_windows_1based_frames_v2,unknown,-0.08153337240219116,0.11947408318519592,0.3973924219608307,0.3973924219608307,0.14464351823783014,0.4228977233328555,0.3639806555531939,0.997570812702179,-0.008821837604045868,0.17249666899442673,-0.13206753134727478,5.184101246413775e-05,0.9999481439590454,9.271535645893891e-07,0.9999990463256836,1.387440162758935e-09,1.0,train,0.9894869385796534
banana_1,banana,right,slip,0,1,27,37,fill only if visible slip/instability occurs; recommended about 30 frames; delete or keep empty [] if no slip,31,031.png,0.5,local_stable_slip_windows_1based_frames_v2,unknown,-0.09747269749641418,0.14171096682548523,0.38716012239456177,0.38716012239456177,0.17199687461067786,0.4236459432691564,0.4442514102317155,0.9998911619186401,-0.02476116269826889,0.19473355263471603,-0.1422998309135437,1.774985321389977e-05,0.9999822378158569,1.804838944963194e-07,0.9999998211860657,1.15689666180252e-10,1.0,train,0.9881072018276055
banana_1,banana,right,slip,0,1,27,37,fill only if visible slip/instability occurs; recommended about 30 frames; delete or keep empty [] if no slip,32,032.png,0.5166666666666667,local_stable_slip_windows_1based_frames_v2,unknown,-0.0952148288488388,0.11915407329797745,0.3837805390357971,0.3837805390357971,0.15252395489303786,0.4129782790399762,0.39742389713750986,0.9999651908874512,-0.022503294050693512,0.17217665910720825,-0.14567941427230835,2.530678830225952e-05,0.9999746680259705,2.4081816718535265e-07,0.9999997615814209,1.6876661179665575e-10,1.0,train,0.987826430141837
banana_1,banana,right,slip,0,1,27,37,fill only if visible slip/instability occurs; recommended about 30 frames; delete or keep empty [] if no slip,33,033.png,0.5333333333333333,local_stable_slip_windows_1based_frames_v2,unknown,-0.04290096461772919,0.08852453529834747,0.34987345337867737,0.34987345337867737,0.0983721816110633,0.36343984301950377,0.2811642309437002,0.9988847374916077,0.0008284822106361389,0.025211840867996216,-0.04842579364776611,0.0003926407953258604,0.9996073842048645,2.6868183340411633e-05,0.9999731183052063,2.650814394655754e-07,0.9999997615814209,train,0.9944793767612943
banana_1,banana,right,slip,0,1,27,37,fill only if visible slip/instability occurs; recommended about 30 frames; delete or keep empty [] if no slip,34,034.png,0.55,local_stable_slip_windows_1based_frames_v2,unknown,-0.03279846906661987,0.04611785709857941,0.35957834124565125,0.35957834124565125,0.05659148625437409,0.36400436784392165,0.15738247380489218,0.9998486042022705,0.003460664302110672,-0.0385647714138031,-0.00691494345664978,0.00369735574349761,0.9963026642799377,0.0006963882478885353,0.9993036389350891,4.934894241159782e-05,0.999950647354126,train,0.9961653624955457
banana_1,banana,right,slip,0,1,27,37,fill only if visible slip/instability occurs; recommended about 30 frames; delete or keep empty [] if no slip,35,035.png,0.5666666666666667,local_stable_slip_windows_1based_frames_v2,unknown,-0.0591837577521801,0.06161744147539139,0.40225496888160706,0.40225496888160706,0.08543667991935326,0.41122802222803917,0.212393815204018,0.701090395450592,0.022349614650011063,-0.057856641709804535,0.004862546920776367,0.03764036297798157,0.9623596668243408,0.0107308030128479,0.9892691969871521,0.0035037400666624308,0.9964962601661682,train,0.9787765054516658
banana_1,banana,right,slip,0,1,27,37,fill only if visible slip/instability occurs; recommended about 30 frames; delete or keep empty [] if no slip,36,036.png,0.5833333333333334,local_stable_slip_windows_1based_frames_v2,unknown,-0.04534008726477623,0.03860074654221535,0.3874906897544861,0.3874906897544861,0.05954612621148309,0.39203925287297603,0.1536707180719447,0.04613802582025528,0.052132610231637955,-0.10311022028326988,0.0003305673599243164,0.36441242694854736,0.6355875730514526,0.0538020096719265,0.9461979866027832,0.026401299983263016,0.9735987186431885,train,0.2940496524440391
banana_1,banana,right,slip,0,1,27,37,fill only if visible slip/instability occurs; recommended about 30 frames; delete or keep empty [] if no slip,37,037.png,0.6,local_stable_slip_windows_1based_frames_v2,unknown,-0.03566659986972809,0.024980630725622177,0.35721859335899353,0.35721859335899353,0.04354466968203096,0.3598628373409724,0.12189888374423531,0.00618723826482892,0.05954822897911072,-0.09417344257235527,-0.02656194567680359,0.16263465583324432,0.8373653292655945,0.010310548357665539,0.9896894693374634,0.0019412834662944078,0.9980587363243103,train,0.339102385740758
banana_2,banana,left,stable,0,0,60,90,fill a stable/contact-stable window; recommended about 30 frames,60,060.png,0.9833333333333333,local_stable_slip_windows_1based_frames_v2,unknown,0.005276755429804325,0.0028801218140870333,0.24510377645492554,0.24510377645492554,0.006011592927831143,0.24517748771450462,0.02452662495925153,0.9310246109962463,-0.0002766433171927929,-0.002094434341415763,0.027253836393356323,0.1070343554019928,0.8929656744003296,0.033871207386255264,0.9661287665367126,0.01797438971698284,0.9820256233215332,val,0.9934161869846564
banana_2,banana,left,stable,0,0,60,90,fill a stable/contact-stable window; recommended about 30 frames,61,061.png,1.0,local_stable_slip_windows_1based_frames_v2,unknown,0.0015407945029437542,0.0023899900261312723,0.26232099533081055,0.26232099533081055,0.0028436068689797205,0.26233640748354475,0.010840138911697772,0.5504975318908691,-0.004012604244053364,-0.002584566129371524,0.04447105526924133,0.5435421466827393,0.45645785331726074,0.1549437791109085,0.8450562357902527,0.10426855832338333,0.8957314491271973,val,0.7786426052171951
banana_2,banana,left,stable,0,0,60,90,fill a stable/contact-stable window; recommended about 30 frames,62,062.png,1.0166666666666666,local_stable_slip_windows_1based_frames_v2,unknown,0.0022209680173546076,0.008373072370886803,0.237444207072258,0.237444207072258,0.008662623151345094,0.23760217278475287,0.03648261954055334,0.8738570213317871,-0.0033324307296425104,0.0033985162153840065,0.019594267010688782,0.07811975479125977,0.9218802452087402,0.020720485597848892,0.9792795181274414,0.0090014124289155,0.9909985661506653,val,0.9914808830359865
banana_2,banana,left,stable,0,0,60,90,fill a stable/contact-stable window; recommended about 30 frames,63,063.png,1.0333333333333334,local_stable_slip_windows_1based_frames_v2,unknown,0.00239348947070539,0.007782685570418835,0.24647533893585205,0.24647533893585205,0.008142418960872937,0.24660979641952085,0.03303529659693657,0.8341144919395447,-0.003159909276291728,0.0028081294149160385,0.028625398874282837,0.13132889568805695,0.8686711192131042,0.03417028486728668,0.9658297300338745,0.017645446583628654,0.9823545813560486,val,0.988081048562057
banana_2,banana,left,stable,0,0,60,90,fill a stable/contact-stable window; recommended about 30 frames,64,064.png,1.05,local_stable_slip_windows_1based_frames_v2,unknown,0.0015636044554412365,0.0002749334089457989,0.2535598576068878,0.2535598576068878,0.001587591657961909,0.2535648276810048,0.006261185866563276,0.8976929783821106,-0.0039897942915558815,-0.004699622746556997,0.035709917545318604,0.16872255504131317,0.8312774300575256,0.05054512619972229,0.9494549036026001,0.029410844668745995,0.9705891609191895,val,0.9906543310564647
banana_2,banana,left,stable,0,0,60,90,fill a stable/contact-stable window; recommended about 30 frames,65,065.png,1.0666666666666667,local_stable_slip_windows_1based_frames_v2,unknown,0.0007653794018551707,-0.0015097018331289291,0.24498789012432098,0.24498789012432098,0.0016926326399242773,0.2449937372930584,0.006909017952060363,0.3700179159641266,-0.004511376027949154,-0.004389823647215962,-0.00011588633060455322,0.14769314229488373,0.8523068428039551,0.016925429925322533,0.9830745458602905,0.005286840256303549,0.9947131872177124,val,0.8272561568551927
banana_2,banana,left,stable,0,0,60,90,fill a stable/contact-stable window; recommended about 30 frames,66,066.png,1.0833333333333333,local_stable_slip_windows_1based_frames_v2,unknown,-0.0009485854534432292,0.0034996673930436373,0.25588729977607727,0.25588729977607727,0.003625946252279113,0.25591298848029664,0.014170035345313196,0.7618535161018372,-0.0024893799563869834,0.001109677366912365,-0.006433695554733276,0.04681307449936867,0.9531869292259216,0.008989888243377209,0.9910101294517517,0.0023872468154877424,0.9976127743721008,val,0.9826533885474302
banana_2,banana,left,stable,0,0,60,90,fill a stable/contact-stable window; recommended about 30 frames,67,067.png,1.1,local_stable_slip_windows_1based_frames_v2,unknown,-7.304549217224121e-05,-0.001283239689655602,0.2456367164850235,0.2456367164850235,0.0012853169823176269,0.2456400792323778,0.005232571775662116,0.6493504643440247,-0.002294013509526849,-0.009656312060542405,0.008192509412765503,0.10593961179256439,0.8940603733062744,0.018564671277999878,0.9814352989196777,0.006845440249890089,0.9931545853614807,val,0.9653398071983517
banana_2,banana,left,stable,0,0,60,90,fill a stable/contact-stable window; recommended about 30 frames,68,068.png,1.1166666666666667,local_stable_slip_windows_1based_frames_v2,unknown,0.007912755943834782,0.0047453623265028,0.2332061529159546,0.2332061529159546,0.009226601228864545,0.23338860282390844,0.039563971831471714,0.9608926177024841,0.005519266473129392,-0.0030373232439160347,-0.013269186019897461,0.01994907297194004,0.9800509214401245,0.006740964949131012,0.9932590126991272,0.0018454293021932244,0.9981545805931091,val,0.9944241818913352
banana_2,banana,left,stable,0,0,60,90,fill a stable/contact-stable window; recommended about 30 frames,69,069.png,1.1333333333333333,local_stable_slip_windows_1based_frames_v2,unknown,0.001435707788914442,-0.0020264482591301203,0.26433953642845154,0.26433953642845154,0.0024834954000523316,0.2643512025102416,0.009395060756126346,0.1097017303109169,-0.00012789666652679443,-0.002301381668075919,0.01077967882156372,0.35961124300956726,0.6403887271881104,0.03839621692895889,0.9616037607192993,0.014707212336361408,0.9852927923202515,val,0.41241961627398854
banana_2,banana,left,stable,0,0,60,90,fill a stable/contact-stable window; recommended about 30 frames,70,070.png,1.15,local_stable_slip_windows_1based_frames_v2,unknown,0.002771847415715456,-0.0025689476169645786,0.2503544092178345,0.2503544092178345,0.0037792366894277,0.25038293241506226,0.015095486457571935,0.655456006526947,0.0020064680138602853,-0.0010592457838356495,0.005366519093513489,0.07965221256017685,0.9203478097915649,0.015376751311123371,0.9846232533454895,0.005311282817274332,0.9946886897087097,val,0.9683487543473442
banana_2,banana,left,stable,0,0,60,90,fill a stable/contact-stable window; recommended about 30 frames,71,071.png,1.1666666666666667,local_stable_slip_windows_1based_frames_v2,unknown,0.005056391935795546,0.006193437613546848,0.24066349864006042,0.24066349864006042,0.007995359209020886,0.2407962735312896,0.03322201344278369,0.9691216945648193,0.006004977389238775,0.002693770220503211,-0.015223801136016846,0.016378194093704224,0.9836218357086182,0.004684894345700741,0.9953151345252991,0.0010050538694486022,0.9989949464797974,val,0.9947584938612948
banana_2,banana,left,stable,0,0,60,90,fill a stable/contact-stable window; recommended about 30 frames,72,072.png,1.1833333333333333,local_stable_slip_windows_1based_frames_v2,unknown,0.003994615748524666,0.0026249957736581564,0.24152100086212158,0.24152100086212158,0.004779911901916651,0.2415682955506186,0.01979079290853248,0.8995546698570251,0.004067661240696907,0.003908235463313758,-0.0041157156229019165,0.028764812275767326,0.9712352156639099,0.008167828433215618,0.9918321967124939,0.002311195246875286,0.9976888298988342,val,0.9925752363255911
banana_2,banana,left,stable,0,0,60,90,fill a stable/contact-stable window; recommended about 30 frames,73,073.png,1.2,local_stable_slip_windows_1based_frames_v2,unknown,0.0001918785274028778,-0.002288433723151684,0.2572883367538452,0.2572883367538452,0.0022964638631026123,0.2572985852581289,0.008925608391224133,0.8290176391601562,-0.007720877416431904,-0.007033796049654484,0.024082183837890625,0.1314767748117447,0.8685232400894165,0.03467094153165817,0.9653290510177612,0.01775323785841465,0.9822467565536499,val,0.9872050836400038
banana_2,banana,left,stable,0,0,60,90,fill a stable/contact-stable window; recommended about 30 frames,74,074.png,1.2166666666666666,local_stable_slip_windows_1based_frames_v2,unknown,0.0018586581572890282,0.004100943449884653,0.24188706278800964,0.24188706278800964,0.004502482351415593,0.2419289637301316,0.018613908844941896,0.8710770606994629,0.0004229503683745861,0.006127391709014773,-0.022452473640441895,0.01960112899541855,0.9803988933563232,0.004763177130371332,0.9952368140220642,0.0009673517779447138,0.9990326762199402,val,0.9900921144946442
banana_2,banana,left,stable,0,0,60,90,fill a stable/contact-stable window; recommended about 30 frames,75,075.png,1.2333333333333334,local_stable_slip_windows_1based_frames_v2,unknown,0.007580998353660107,0.007822674699127674,0.23671706020832062,0.23671706020832062,0.010893382187666487,0.23696757662000145,0.046018382281773976,0.9592702388763428,0.004809150937944651,0.010391622316092253,-0.013637349009513855,0.015791526064276695,0.9842084646224976,0.0047929054126143456,0.9952070713043213,0.0010504433885216713,0.9989495277404785,val,0.9945120995844413
banana_2,banana,left,stable,0,0,60,90,fill a stable/contact-stable window; recommended about 30 frames,76,076.png,1.25,local_stable_slip_windows_1based_frames_v2,unknown,0.002626092405989766,0.0015319320373237133,0.2511151134967804,0.2511151134967804,0.0030402593790293457,0.25113351708522036,0.012106986432267819,0.940700888633728,-0.0024302995298057795,-0.004661505576223135,0.01045161485671997,0.04104720801115036,0.958952784538269,0.0123066958039999,0.9876933097839355,0.004349758382886648,0.9956502318382263,val,0.994536677320854
banana_2,banana,left,stable,0,0,60,90,fill a stable/contact-stable window; recommended about 30 frames,77,077.png,1.2666666666666666,local_stable_slip_windows_1based_frames_v2,unknown,0.002363862469792366,0.002541755326092243,0.24545425176620483,0.24545425176620483,0.0034710756133814126,0.24547879353626717,0.014141378472877813,0.22786781191825867,-0.0016307532787322998,-8.32404475659132e-05,0.003933250904083252,0.2253021001815796,0.7746978998184204,0.02299453131854534,0.9770054817199707,0.007829627022147179,0.9921703934669495,val,0.6458610232607144
banana_2,banana,left,stable,0,0,60,90,fill a stable/contact-stable window; recommended about 30 frames,78,078.png,1.2833333333333334,local_stable_slip_windows_1based_frames_v2,unknown,0.0005015619099140167,0.00036815134808421135,0.25014469027519226,0.25014469027519226,0.0006221734200147241,0.2501454640257073,0.0024872442108846804,0.2227679044008255,0.0003096833825111389,0.002656585071235895,-0.007143646478652954,0.15782885253429413,0.8421711325645447,0.01242589671164751,0.9875741004943848,0.00292292982339859,0.9970770478248596,val,0.6633343821136113
banana_2,banana,left,stable,0,0,60,90,fill a stable/contact-stable window; recommended about 30 frames,79,079.png,1.3,local_stable_slip_windows_1based_frames_v2,unknown,0.002529935445636511,0.008864306844770908,0.22911447286605835,0.22911447286605835,0.009218270401617669,0.22929984340572307,0.0402341678905584,0.9039533734321594,0.0006712772883474827,0.004763363394886255,-0.012772589921951294,0.02352827787399292,0.9764717221260071,0.006967034190893173,0.9930329918861389,0.0018689699936658144,0.9981310367584229,val,0.9921790982201959
banana_2,banana,left,stable,0,0,60,90,fill a stable/contact-stable window; recommended about 30 frames,80,080.png,1.3166666666666667,local_stable_slip_windows_1based_frames_v2,unknown,0.0015200073830783367,0.0018385318107903004,0.24972102046012878,0.24972102046012878,0.0023855023923485203,0.24973241415825853,0.009552631313622561,0.9472947716712952,-0.00606099097058177,-0.005984142888337374,0.013003960251808167,0.05419245734810829,0.9458075165748596,0.016062935814261436,0.9839370846748352,0.006368206813931465,0.9936317801475525,val,0.99455719530146
banana_2,banana,left,stable,0,0,60,90,fill a stable/contact-stable window; recommended about 30 frames,81,081.png,1.3333333333333333,local_stable_slip_windows_1based_frames_v2,unknown,0.0032940381206572056,0.0027537746354937553,0.24860332906246185,0.24860332906246185,0.00429347899534068,0.24864040134865878,0.017270330776347598,0.7937597036361694,0.0006679457146674395,0.001221842598170042,-0.0025117844343185425,0.03835787624120712,0.9616421461105347,0.008720699697732925,0.9912793040275574,0.002388906432315707,0.9976111054420471,val,0.9862397295219582
banana_2,banana,left,stable,0,0,60,90,fill a stable/contact-stable window; recommended about 30 frames,82,082.png,1.35,local_stable_slip_windows_1based_frames_v2,unknown,0.0038556335493922234,0.0052999830804765224,0.22479519248008728,0.22479519248008728,0.006554062154155717,0.2248907163332449,0.029155574575562636,0.9506269693374634,0.0014917710795998573,0.0027582277543842793,-0.020659059286117554,0.015837756916880608,0.9841622710227966,0.0045993877574801445,0.995400607585907,0.000983614707365632,0.9990164041519165,val,0.9937825723851159
banana_2,banana,left,stable,0,0,60,90,fill a stable/contact-stable window; recommended about 30 frames,83,083.png,1.3666666666666667,local_stable_slip_windows_1based_frames_v2,unknown,-6.942451000213623e-05,0.0002279849722981453,0.25315311551094055,0.25315311551094055,0.00023832102337566192,0.25315322768988313,0.0009414068694662893,0.8933286666870117,-0.000570986419916153,-0.00014016637578606606,0.003008425235748291,0.048661988228559494,0.951337993144989,0.013028329238295555,0.9869716763496399,0.004570895340293646,0.9954290986061096,val,0.9922835052789744
banana_2,banana,left,stable,0,0,60,90,fill a stable/contact-stable window; recommended about 30 frames,84,084.png,1.3833333333333333,local_stable_slip_windows_1based_frames_v2,unknown,0.0022429730743169785,0.0022800001315772533,0.2386564314365387,0.2386564314365387,0.003198332192268847,0.23867786155158044,0.01340135177445465,0.9219340682029724,-0.0002869623713195324,-0.006584306713193655,0.009541958570480347,0.04949583113193512,0.9505041837692261,0.014233628287911415,0.9857663512229919,0.005335499066859484,0.9946644902229309,val,0.9936399653150453
banana_2,banana,left,stable,0,0,60,90,fill a stable/contact-stable window; recommended about 30 frames,85,085.png,1.4,local_stable_slip_windows_1based_frames_v2,unknown,-0.00101985945366323,-0.004382221028208733,0.26069551706314087,0.26069551706314087,0.004499330444110664,0.26073434102792,0.017258882070223146,0.004847679752856493,-0.0025398668367415667,-0.006220752838999033,0.010974496603012085,0.3966364860534668,0.6033635139465332,0.03960201516747475,0.9603979587554932,0.014474254101514816,0.9855257272720337,val,0.26000591081899216
banana_2,banana,left,stable,0,0,60,90,fill a stable/contact-stable window; recommended about 30 frames,86,086.png,1.4166666666666667,local_stable_slip_windows_1based_frames_v2,unknown,0.007121121510863304,0.0042643360793590546,0.24633023142814636,0.24633023142814636,0.008300297209751192,0.2464700343839274,0.03369567537834661,0.9186903238296509,0.0038270833902060986,0.0015105614438652992,-0.0022730976343154907,0.02707771025598049,0.9729222655296326,0.008697950281202793,0.9913020730018616,0.0026426755357533693,0.9973573088645935,val,0.9934395865709947
banana_2,banana,left,stable,0,0,60,90,fill a stable/contact-stable window; recommended about 30 frames,87,087.png,1.4333333333333333,local_stable_slip_windows_1based_frames_v2,unknown,0.0016335539985448122,0.0010809230152517557,0.22942915558815002,0.22942915558815002,0.001958798925633433,0.22943751726150327,0.008537669865637332,0.9683700203895569,-0.002222079550847411,-0.004219060065224767,0.004633963108062744,0.03659570962190628,0.9634042978286743,0.012203941121697426,0.9877960681915283,0.004454030189663172,0.9955459833145142,val,0.9950719287899193
banana_2,banana,left,stable,0,0,60,90,fill a stable/contact-stable window; recommended about 30 frames,88,088.png,1.45,local_stable_slip_windows_1based_frames_v2,unknown,0.0026341388002038,0.005327924154698849,0.2500009536743164,0.2500009536743164,0.005943522778366594,0.2500715943506672,0.023773905327593423,0.8664531111717224,0.0027035633102059364,0.005099939182400703,-0.0031521618366241455,0.031438957899808884,0.968561053276062,0.007410494610667229,0.99258953332901,0.0018840456614270806,0.9981159567832947,val,0.9911242618945473
banana_2,banana,left,stable,0,0,60,90,fill a stable/contact-stable window; recommended about 30 frames,89,089.png,1.4666666666666666,local_stable_slip_windows_1based_frames_v2,unknown,0.0024462060537189245,0.000751419342122972,0.24336904287338257,0.24336904287338257,0.0025590144753337434,0.243382496462238,0.010514911552467098,0.5368354320526123,0.00020323297940194607,-0.0015285807894542813,0.004712611436843872,0.10997609794139862,0.8900238871574402,0.015464133583009243,0.9845358729362488,0.0049059828743338585,0.9950940012931824,val,0.9348336802045067
banana_2,banana,left,stable,0,0,60,90,fill a stable/contact-stable window; recommended about 30 frames,90,090.png,1.4833333333333334,local_stable_slip_windows_1based_frames_v2,unknown,-7.82310962677002e-07,0.0005482895649038255,0.2511586844921112,0.2511586844921112,0.0005482901230123233,0.2511592829617629,0.0021830339694886218,0.11198996007442474,0.001019077142700553,0.004930510593112558,-0.009536832571029663,0.1709967404603958,0.8290032744407654,0.011063043028116226,0.9889369606971741,0.002268638461828232,0.9977313876152039,val,0.5003292779289539
banana_2,banana,left,slip,0,1,26,40,fill only if visible slip/instability occurs; recommended about 30 frames; delete or keep empty [] if no slip,26,026.png,0.4166666666666667,local_stable_slip_windows_1based_frames_v2,unknown,0.015926091000437737,0.012984350323677063,0.18353386223316193,0.18353386223316193,0.02054832664433278,0.18468056831757762,0.11195871124597719,0.9862944483757019,0.0,0.0,0.0,0.027750404551625252,0.9722495675086975,0.011261437088251114,0.9887385368347168,0.004278403241187334,0.9957215785980225,val,0.99522567021095
banana_2,banana,left,slip,0,1,26,40,fill only if visible slip/instability occurs; recommended about 30 frames; delete or keep empty [] if no slip,27,027.png,0.43333333333333335,local_stable_slip_windows_1based_frames_v2,unknown,0.01733233407139778,0.015748489648103714,0.2067129909992218,0.2067129909992218,0.02341846985947131,0.20803529839525628,0.11328923478411035,0.9946796298027039,0.0014062430709600449,0.002764139324426651,0.023179128766059875,0.044018618762493134,0.9559813737869263,0.01459070760756731,0.9854093194007874,0.005966479424387217,0.9940335154533386,val,0.9961598815716349
banana_2,banana,left,slip,0,1,26,40,fill only if visible slip/instability occurs; recommended about 30 frames; delete or keep empty [] if no slip,28,028.png,0.45,local_stable_slip_windows_1based_frames_v2,unknown,0.016586674377322197,0.016068432480096817,0.1916174739599228,0.1916174739599228,0.02309355514568398,0.19300406372936407,0.12051841697953415,0.9823602437973022,0.0006605833768844604,0.003084082156419754,0.008083611726760864,0.02992662414908409,0.970073401927948,0.011011213064193726,0.9889887571334839,0.004068775102496147,0.9959312081336975,val,0.9954671629159567
banana_2,banana,left,slip,0,1,26,40,fill only if visible slip/instability occurs; recommended about 30 frames; delete or keep empty [] if no slip,29,029.png,0.4666666666666667,local_stable_slip_windows_1based_frames_v2,unknown,0.017246481031179428,0.0156552754342556,0.1886114776134491,0.1886114776134491,0.02329224671175451,0.19004425338433636,0.12349260773452479,0.9930822849273682,0.0013203900307416916,0.002670925110578537,0.00507761538028717,0.022140081971883774,0.9778599143028259,0.008333216421306133,0.9916667938232422,0.002708091866225004,0.9972919225692749,val,0.9957561515171024
banana_2,banana,left,slip,0,1,26,40,fill only if visible slip/instability occurs; recommended about 30 frames; delete or keep empty [] if no slip,30,030.png,0.48333333333333334,local_stable_slip_windows_1based_frames_v2,unknown,0.013662482611835003,0.011974679306149483,0.194310262799263,0.194310262799263,0.018167453745745948,0.19515771725638337,0.0934966583203887,0.9857028126716614,-0.0022636083886027336,-0.0010096710175275803,0.010776400566101074,0.03414979949593544,0.9658501744270325,0.01247961726039648,0.9875203967094421,0.004918067716062069,0.9950819611549377,val,0.9955827391358516
banana_2,banana,left,slip,0,1,26,40,fill only if visible slip/instability occurs; recommended about 30 frames; delete or keep empty [] if no slip,31,031.png,0.5,local_stable_slip_windows_1based_frames_v2,unknown,0.01215223129838705,0.011272512376308441,0.1694229543209076,0.1694229543209076,0.016575471661570442,0.17023185281147551,0.09783428634993772,0.9955074787139893,-0.003773859702050686,-0.0017118379473686218,-0.014110907912254333,0.016356131061911583,0.9836438894271851,0.006770256906747818,0.9932297468185425,0.002032683929428458,0.9979673027992249,val,0.9950678176703222
banana_2,banana,left,slip,0,1,26,40,fill only if visible slip/instability occurs; recommended about 30 frames; delete or keep empty [] if no slip,32,032.png,0.5166666666666667,local_stable_slip_windows_1based_frames_v2,unknown,0.01742313615977764,0.02258276753127575,0.18755483627319336,0.18755483627319336,0.02852274641428825,0.1897112639578319,0.15207602696373623,0.9892241358757019,9.080208837985992e-05,0.006834277883172035,-0.019158154726028442,0.00915610697120428,0.9908438920974731,0.0030604139901697636,0.9969395995140076,0.0005678066518157721,0.9994322061538696,val,0.9949062550048117
banana_2,banana,left,slip,0,1,26,40,fill only if visible slip/instability occurs; recommended about 30 frames; delete or keep empty [] if no slip,33,033.png,0.5333333333333333,local_stable_slip_windows_1based_frames_v2,unknown,0.005215757992118597,0.010234901681542397,0.18566390872001648,0.18566390872001648,0.011487268773002067,0.18601893544759845,0.06187097417705852,0.9908573031425476,-0.0113709163852036,-0.0058335307985544205,-0.005953565239906311,0.021225135773420334,0.9787748456001282,0.007284700404852629,0.9927152991294861,0.002204043325036764,0.9977959394454956,val,0.9952455113164366
banana_2,banana,left,slip,0,1,26,40,fill only if visible slip/instability occurs; recommended about 30 frames; delete or keep empty [] if no slip,34,034.png,0.55,local_stable_slip_windows_1based_frames_v2,unknown,0.0010603552218526602,0.003274565562605858,0.1946793496608734,0.1946793496608734,0.0034419664176622094,0.1947097745805303,0.017680091615091088,0.9835491180419922,-0.016186125809326768,-0.012380709871649742,0.006067872047424316,0.02692471072077751,0.973075270652771,0.007906349375844002,0.9920936226844788,0.0024346504360437393,0.9975653290748596,val,0.9954872933454378
banana_2,banana,left,slip,0,1,26,40,fill only if visible slip/instability occurs; recommended about 30 frames; delete or keep empty [] if no slip,35,035.png,0.5666666666666667,local_stable_slip_windows_1based_frames_v2,unknown,-0.001262549078091979,0.0018305550329387188,0.1841086596250534,0.1841086596250534,0.0022237270298326142,0.18412208860111537,0.012078274623728718,0.9900566935539246,-0.014925031689926982,-0.010144124273210764,-0.010201603174209595,0.016928184777498245,0.9830718040466309,0.004732023924589157,0.9952679872512817,0.0010985160479322076,0.9989014863967896,val,0.9951702071189669
banana_2,banana,left,slip,0,1,26,40,fill only if visible slip/instability occurs; recommended about 30 frames; delete or keep empty [] if no slip,36,036.png,0.5833333333333334,local_stable_slip_windows_1based_frames_v2,unknown,-0.004396563861519098,0.002108789049088955,0.18092891573905945,0.18092891573905945,0.004876142434545285,0.18099461128871666,0.026950448822281828,0.9969346523284912,-0.01654879515990615,-0.009163723327219486,0.011505961418151855,0.04318961873650551,0.9568103551864624,0.014584880322217941,0.9854151010513306,0.006211636587977409,0.9937883615493774,val,0.9956566583027379
banana_2,banana,left,slip,0,1,26,40,fill only if visible slip/instability occurs; recommended about 30 frames; delete or keep empty [] if no slip,37,037.png,0.6,local_stable_slip_windows_1based_frames_v2,unknown,0.004311650060117245,0.011631178669631481,0.19613134860992432,0.19613134860992432,0.012404621859847215,0.196523231580985,0.06324618018273984,0.9927553534507751,-0.013111486099660397,-0.010951588861644268,0.008576512336730957,0.032014667987823486,0.9679853320121765,0.01154396217316389,0.9884560108184814,0.004455179907381535,0.9955447912216187,val,0.9956522038746068
banana_2,banana,left,slip,0,1,26,40,fill only if visible slip/instability occurs; recommended about 30 frames; delete or keep empty [] if no slip,38,038.png,0.6166666666666667,local_stable_slip_windows_1based_frames_v2,unknown,0.0035917614586651325,0.0032640965655446053,0.21731066703796387,0.21731066703796387,0.004853357267413184,0.2173648570612323,0.022333624943226417,0.9064371585845947,-0.0016239965334534645,-0.006970805115997791,0.03164675831794739,0.13693548738956451,0.8630645275115967,0.03972133249044418,0.9602786898612976,0.02225048840045929,0.9777495265007019,val,0.9917273664360471
banana_2,banana,left,slip,0,1,26,40,fill only if visible slip/instability occurs; recommended about 30 frames; delete or keep empty [] if no slip,39,039.png,0.6333333333333333,local_stable_slip_windows_1based_frames_v2,unknown,0.0010422838386148214,0.003975496627390385,0.19908460974693298,0.19908460974693298,0.004109857544323157,0.19912702671190377,0.02064366957284049,0.6444669961929321,-1.8071383237838745e-05,0.0007009310647845268,0.00440526008605957,0.0922553762793541,0.9077446460723877,0.017248013988137245,0.9827519655227661,0.006394565105438232,0.9936054348945618,val,0.9633816368043007
banana_2,banana,left,slip,0,1,26,40,fill only if visible slip/instability occurs; recommended about 30 frames; delete or keep empty [] if no slip,40,040.png,0.65,local_stable_slip_windows_1based_frames_v2,unknown,0.005553398746997118,0.004974556155502796,0.2178499400615692,0.2178499400615692,0.0074556318704319035,0.21797748239535364,0.03422354692765974,0.9645349979400635,0.006815947825089097,0.0031440011225640774,0.03374128043651581,0.11722356081008911,0.8827764391899109,0.036732811480760574,0.9632672071456909,0.020297817885875702,0.9797021746635437,val,0.9946150361696976
banana_2,banana,right,stable,0,0,60,90,fill a stable/contact-stable window; recommended about 30 frames,60,060.png,0.9833333333333333,local_stable_slip_windows_1based_frames_v2,unknown,-0.0011348368134349585,-0.04361551254987717,0.38375797867774963,0.38375797867774963,0.04363027377385592,0.38623022536877377,0.113691864420176,0.08172592520713806,0.015130391577258706,-0.011254623532295227,-0.01425546407699585,0.2565726339817047,0.7434273958206177,0.00855045672506094,0.9914495348930359,0.0010062643559649587,0.9989937543869019,val,0.4312340740512476
banana_2,banana,right,stable,0,0,60,90,fill a stable/contact-stable window; recommended about 30 frames,61,061.png,1.0,local_stable_slip_windows_1based_frames_v2,unknown,0.003722294932231307,-0.06672076880931854,0.37321919202804565,0.37321919202804565,0.06682451997634588,0.37915442997298116,0.17904851185362541,0.24958114326000214,0.01998752332292497,-0.0343598797917366,-0.02479425072669983,0.10185549408197403,0.8981444835662842,0.003715439233928919,0.996284544467926,0.0003249335859436542,0.9996750950813293,val,0.7065188271043376
banana_2,banana,right,stable,0,0,60,90,fill a stable/contact-stable window; recommended about 30 frames,62,062.png,1.0166666666666666,local_stable_slip_windows_1based_frames_v2,unknown,0.00022114813327789307,-0.06277510523796082,0.3784979283809662,0.3784979283809662,0.06277549477410678,0.383668404397361,0.16585382432291085,0.13519367575645447,0.016486376523971558,-0.030414216220378876,-0.019515514373779297,0.15829193592071533,0.8417080640792847,0.00424481276422739,0.9957551956176758,0.00034294178476557136,0.9996570348739624,val,0.5394721816277506
banana_2,banana,right,stable,0,0,60,90,fill a stable/contact-stable window; recommended about 30 frames,63,063.png,1.0333333333333334,local_stable_slip_windows_1based_frames_v2,unknown,0.004275630693882704,-0.04979744553565979,0.38078445196151733,0.38078445196151733,0.049980662257591936,0.3840506027274799,0.13125675363943012,0.4183580279350281,0.02054085908457637,-0.01743655651807785,-0.01722899079322815,0.12267501652240753,0.8773249983787537,0.00542775122448802,0.9945722222328186,0.0006168331601656973,0.9993831515312195,val,0.8713672451218029
banana_2,banana,right,stable,0,0,60,90,fill a stable/contact-stable window; recommended about 30 frames,64,064.png,1.05,local_stable_slip_windows_1based_frames_v2,unknown,0.0024446414317935705,-0.06605330109596252,0.38502949476242065,0.38502949476242065,0.06609852386705717,0.39066190842518655,0.17167088001131606,0.24751251935958862,0.018709869822487235,-0.033692412078380585,-0.012983947992324829,0.16678231954574585,0.8332176804542542,0.006730676628649235,0.9932693243026733,0.0008061673142947257,0.9991938471794128,val,0.6992584524401477
banana_2,banana,right,stable,0,0,60,90,fill a stable/contact-stable window; recommended about 30 frames,65,065.png,1.0666666666666667,local_stable_slip_windows_1based_frames_v2,unknown,-0.002469602506607771,-0.04432881996035576,0.37773287296295166,0.37773287296295166,0.04439755866732177,0.3803330994437161,0.11753660935691704,0.12877455353736877,-0.0013347656931728125,-0.0007133074104785919,-0.006025105714797974,0.2600308060646057,0.7399691939353943,0.009238846600055695,0.9907611608505249,0.0011639316799119115,0.9988360404968262,val,0.5080722028152452
banana_2,banana,right,stable,0,0,60,90,fill a stable/contact-stable window; recommended about 30 frames,66,066.png,1.0833333333333333,local_stable_slip_windows_1based_frames_v2,unknown,0.004898735322058201,-0.04528720676898956,0.3824199140071869,0.3824199140071869,0.04555138532133567,0.38512325213359555,0.11911321701532156,0.18024112284183502,0.0011764403898268938,0.02143356204032898,0.009200721979141235,0.3528309464454651,0.6471690535545349,0.02476363070309162,0.9752363562583923,0.005926952231675386,0.9940730333328247,val,0.556470270440734
banana_2,banana,right,stable,0,0,60,90,fill a stable/contact-stable window; recommended about 30 frames,67,067.png,1.1,local_stable_slip_windows_1based_frames_v2,unknown,-0.0024359466042369604,-0.06729517877101898,0.38363704085350037,0.38363704085350037,0.0673392524585928,0.38950218746049736,0.1755280897295261,0.03935842588543892,-0.0026570947375148535,-0.0045200735330581665,0.00513911247253418,0.29350876808166504,0.706491231918335,0.011657173745334148,0.988342821598053,0.0016675774240866303,0.9983324408531189,val,0.38095240951796355
banana_2,banana,right,stable,0,0,60,90,fill a stable/contact-stable window; recommended about 30 frames,68,068.png,1.1166666666666667,local_stable_slip_windows_1based_frames_v2,unknown,0.012150141410529613,-0.05930047482252121,0.3658177852630615,0.3658177852630615,0.060532406613914985,0.3707921577720377,0.16547101748857956,0.7652268409729004,0.00787451071664691,-0.00950302928686142,-0.01496666669845581,0.038084324449300766,0.9619156718254089,0.00654646847397089,0.9934535026550293,0.0013204771094024181,0.998679518699646,val,0.983037670813452
banana_2,banana,right,stable,0,0,60,90,fill a stable/contact-stable window; recommended about 30 frames,69,069.png,1.1333333333333333,local_stable_slip_windows_1based_frames_v2,unknown,0.0019797931890934706,-0.07613109052181244,0.3826161324977875,0.3826161324977875,0.07615682848643306,0.3901217340429477,0.19904186722969977,0.11550396680831909,-0.00046484824270009995,-0.010077789425849915,-0.0024133622646331787,0.2227674126625061,0.7772325873374939,0.008891982026398182,0.9911080002784729,0.0011839319486171007,0.9988160729408264,val,0.5066744917290847
banana_2,banana,right,stable,0,0,60,90,fill a stable/contact-stable window; recommended about 30 frames,70,070.png,1.15,local_stable_slip_windows_1based_frames_v2,unknown,-0.0017620818689465523,-0.04036218672990799,0.3816755414009094,0.3816755414009094,0.040400631803634346,0.38380780340400866,0.10585044513175335,0.24243980646133423,0.0007075206376612186,0.003966633230447769,0.003942668437957764,0.321953684091568,0.6780463457107544,0.020971348509192467,0.9790286421775818,0.004695387091487646,0.9953045845031738,val,0.6485897448737734
banana_2,banana,right,stable,0,0,60,90,fill a stable/contact-stable window; recommended about 30 frames,71,071.png,1.1666666666666667,local_stable_slip_windows_1based_frames_v2,unknown,-0.0011975837405771017,-0.06608434021472931,0.3808169662952423,0.3808169662952423,0.06609519066037849,0.3865102017369574,0.17356111452245904,0.21533149480819702,-0.0060963190626353025,-0.020797133445739746,-0.00160294771194458,0.20229987800121307,0.7977001070976257,0.008829547092318535,0.9911704659461975,0.0012400138657540083,0.9987599849700928,val,0.655409364748236
banana_2,banana,right,stable,0,0,60,90,fill a stable/contact-stable window; recommended about 30 frames,72,072.png,1.1833333333333333,local_stable_slip_windows_1based_frames_v2,unknown,0.0027554077096283436,-0.05391485244035721,0.3845588266849518,0.3845588266849518,0.05398521635884931,0.38832962128405624,0.1403818407768224,0.4078124761581421,0.005191354313865304,0.013380326330661774,0.000921785831451416,0.18645396828651428,0.8135460615158081,0.010536330752074718,0.9894636869430542,0.0017833750462159514,0.9982166290283203,val,0.8652765772272741
banana_2,banana,right,stable,0,0,60,90,fill a stable/contact-stable window; recommended about 30 frames,73,073.png,1.2,local_stable_slip_windows_1based_frames_v2,unknown,0.0059219179674983025,-0.058511003851890564,0.36656659841537476,0.36656659841537476,0.05880991994697605,0.3712541956099464,0.16043403781786464,0.7763450145721436,-0.006228223443031311,0.0007894709706306458,0.0007488131523132324,0.05602375045418739,0.9439762234687805,0.011197131127119064,0.9888028502464294,0.003049858147278428,0.9969501495361328,val,0.9850127346853863
banana_2,banana,right,stable,0,0,60,90,fill a stable/contact-stable window; recommended about 30 frames,74,074.png,1.2166666666666666,local_stable_slip_windows_1based_frames_v2,unknown,0.0031886163633316755,-0.05638923496007919,0.37690407037734985,0.37690407037734985,0.05647931562701095,0.38111230806772667,0.1498502409916242,0.07945705205202103,0.001208823174238205,0.019741855561733246,-0.005712062120437622,0.2696855068206787,0.7303144931793213,0.010675098747015,0.9893249273300171,0.0014874387998133898,0.9985125660896301,val,0.43278009151276514
banana_2,banana,right,stable,0,0,60,90,fill a stable/contact-stable window; recommended about 30 frames,75,075.png,1.2333333333333334,local_stable_slip_windows_1based_frames_v2,unknown,-0.002556679304689169,-0.06307202577590942,0.3809967041015625,0.3809967041015625,0.06312382311413028,0.38619050426026474,0.16568032414521686,0.0035068546421825886,-0.0007945974357426167,-0.022709839046001434,-0.0006788372993469238,0.30503717064857483,0.6949628591537476,0.011519898660480976,0.9884800910949707,0.0015796481166034937,0.9984203577041626,val,0.315964592016414
banana_2,banana,right,stable,0,0,60,90,fill a stable/contact-stable window; recommended about 30 frames,76,076.png,1.25,local_stable_slip_windows_1based_frames_v2,unknown,0.001993852434679866,-0.0647197961807251,0.3838346600532532,0.3838346600532532,0.06475050165987811,0.3892578499187939,0.1686932935071605,0.14023955166339874,0.0031914361752569675,0.0013645440340042114,0.0030176937580108643,0.2823219299316406,0.7176780700683594,0.01298727560788393,0.9870127439498901,0.002095174975693226,0.9979048371315002,val,0.527972336498654
banana_2,banana,right,stable,0,0,60,90,fill a stable/contact-stable window; recommended about 30 frames,77,077.png,1.2666666666666666,local_stable_slip_windows_1based_frames_v2,unknown,0.0029859766364097595,-0.032987095415592194,0.37764421105384827,0.37764421105384827,0.03312196432022969,0.379093939100738,0.08770656518535024,0.27521735429763794,0.00023056892678141594,0.020927757024765015,-0.006914615631103516,0.2622048556804657,0.7377951145172119,0.017320282757282257,0.9826797246932983,0.0037217827048152685,0.9962782263755798,val,0.7011611243008007
banana_2,banana,right,stable,0,0,60,90,fill a stable/contact-stable window; recommended about 30 frames,78,078.png,1.2833333333333334,local_stable_slip_windows_1based_frames_v2,unknown,-0.006434088572859764,-0.07032519578933716,0.38256382942199707,0.38256382942199707,0.07061891147965968,0.3890271381800952,0.18459331869674261,0.11450963467359543,-0.012356006540358067,-0.011814191937446594,0.015997231006622314,0.36398133635520935,0.6360186338424683,0.026560232043266296,0.9734397530555725,0.006549570243805647,0.993450403213501,val,0.4513662275638354
banana_2,banana,right,stable,0,0,60,90,fill a stable/contact-stable window; recommended about 30 frames,79,079.png,1.3,local_stable_slip_windows_1based_frames_v2,unknown,0.012718786485493183,-0.0429924800992012,0.3868303596973419,0.3868303596973419,0.04483437157743794,0.389419886572731,0.11590159498060473,0.14178572595119476,0.009530170122161508,0.01339675486087799,0.009926289319992065,0.4232425093650818,0.5767574906349182,0.03520870581269264,0.9647912979125977,0.009689616039395332,0.9903103709220886,val,0.45782006842489775
banana_2,banana,right,stable,0,0,60,90,fill a stable/contact-stable window; recommended about 30 frames,80,080.png,1.3166666666666667,local_stable_slip_windows_1based_frames_v2,unknown,0.0021661280188709497,-0.06671878695487976,0.3835800290107727,0.3835800290107727,0.06675394103215758,0.3893452546252876,0.1740282651733614,0.5380762219429016,0.004722807323560119,-0.003646761178970337,0.002583324909210205,0.12490260601043701,0.875097393989563,0.010184533894062042,0.9898154735565186,0.001959585351869464,0.9980404376983643,val,0.938245484512091
banana_2,banana,right,stable,0,0,60,90,fill a stable/contact-stable window; recommended about 30 frames,81,081.png,1.3333333333333333,local_stable_slip_windows_1based_frames_v2,unknown,0.00883975438773632,-0.051500171422958374,0.37271782755851746,0.37271782755851746,0.05225331486355293,0.3763628407456963,0.14019499687160045,0.1622854322195053,0.006845901953056455,0.013219624757766724,-0.011116832494735718,0.20873501896858215,0.7912650108337402,0.01009961124509573,0.9899004101753235,0.0015475847758352757,0.9984524250030518,val,0.5704077959658012
banana_2,banana,right,stable,0,0,60,90,fill a stable/contact-stable window; recommended about 30 frames,82,082.png,1.35,local_stable_slip_windows_1based_frames_v2,unknown,0.00714649073779583,-0.04743489995598793,0.3707371950149536,0.3707371950149536,0.04797022059257165,0.3738277809784283,0.12939109387053252,0.6300855278968811,0.00416051410138607,-0.014447804540395737,-0.006907016038894653,0.08340060710906982,0.9165993928909302,0.011338716372847557,0.9886612892150879,0.0027356278151273727,0.9972643852233887,val,0.9622775429331917
banana_2,banana,right,stable,0,0,60,90,fill a stable/contact-stable window; recommended about 30 frames,83,083.png,1.3666666666666667,local_stable_slip_windows_1based_frames_v2,unknown,0.005826354492455721,-0.049234550446271896,0.37447842955589294,0.37447842955589294,0.049578093593020005,0.3777460543367278,0.13239203459537482,0.10599038749933243,0.012260443065315485,0.021090645343065262,-0.008085399866104126,0.2635246813297272,0.7364753484725952,0.014791876077651978,0.9852081537246704,0.0027633914723992348,0.9972366094589233,val,0.468615353688642
banana_2,banana,right,stable,0,0,60,90,fill a stable/contact-stable window; recommended about 30 frames,84,084.png,1.3833333333333333,local_stable_slip_windows_1based_frames_v2,unknown,0.013355415314435959,-0.045401088893413544,0.3731624186038971,0.3731624186038971,0.04732468690787831,0.37615132147745917,0.12682027376888247,0.6422371864318848,0.0006366288289427757,-0.0024086087942123413,-0.013667941093444824,0.08234866708517075,0.917651355266571,0.010924337431788445,0.9890756607055664,0.0026041448581963778,0.9973958730697632,val,0.963044433246888
banana_2,banana,right,stable,0,0,60,90,fill a stable/contact-stable window; recommended about 30 frames,85,085.png,1.4,local_stable_slip_windows_1based_frames_v2,unknown,-0.0016010771505534649,-0.07566588371992111,0.38248416781425476,0.38248416781425476,0.0756828210835104,0.3899000231286498,0.19787125737713326,0.17205633223056793,-0.0037672051694244146,-0.008947096765041351,-0.0010958611965179443,0.19607357680797577,0.803926408290863,0.010548807680606842,0.9894511699676514,0.0017289409879595041,0.9982710480690002,val,0.5991348015572948
banana_2,banana,right,stable,0,0,60,90,fill a stable/contact-stable window; recommended about 30 frames,86,086.png,1.4166666666666667,local_stable_slip_windows_1based_frames_v2,unknown,0.0026081663090735674,-0.0373336523771286,0.38334551453590393,0.38334551453590393,0.03742464604123954,0.38516799924981954,0.09762615446379487,0.041830386966466904,-0.006231588078662753,0.014166519045829773,0.010627686977386475,0.4981047511100769,0.5018952488899231,0.03975852578878403,0.9602414965629578,0.00991399772465229,0.990086019039154,val,0.28395824218699
banana_2,banana,right,stable,0,0,60,90,fill a stable/contact-stable window; recommended about 30 frames,87,087.png,1.4333333333333333,local_stable_slip_windows_1based_frames_v2,unknown,-0.0020256198477,-0.0655253529548645,0.38271427154541016,0.38271427154541016,0.06555665500639098,0.3882884091241469,0.171293543478608,0.14482535421848297,-0.00917211058549583,-0.01809045299887657,0.011977076530456543,0.2966631352901459,0.7033368349075317,0.01473015733063221,0.9852698445320129,0.0025683685671538115,0.9974316358566284,val,0.5361322636998416
banana_2,banana,right,stable,0,0,60,90,fill a stable/contact-stable window; recommended about 30 frames,88,088.png,1.45,local_stable_slip_windows_1based_frames_v2,unknown,0.016339292749762535,-0.06106926500797272,0.36282598972320557,0.36282598972320557,0.06321730472091043,0.3682921753646147,0.17423539734223692,0.7447351217269897,0.010512938257306814,-0.011834714561700821,-0.011652439832687378,0.04900747165083885,0.9509925246238708,0.010796467773616314,0.9892035126686096,0.003026149934157729,0.9969738721847534,val,0.9805602721752573
banana_2,banana,right,stable,0,0,60,90,fill a stable/contact-stable window; recommended about 30 frames,89,089.png,1.4666666666666666,local_stable_slip_windows_1based_frames_v2,unknown,0.0023289378732442856,-0.06138915941119194,0.3822496831417084,0.3822496831417084,0.06143332031422498,0.3871548438374065,0.16071474303016578,0.4045981466770172,-0.011026477441191673,-0.015988070517778397,0.00908726453781128,0.2164771854877472,0.7835228443145752,0.015039583668112755,0.9849604368209839,0.0032011698931455612,0.9967988133430481,val,0.8551130469273814
banana_2,banana,right,stable,0,0,60,90,fill a stable/contact-stable window; recommended about 30 frames,90,090.png,1.4833333333333334,local_stable_slip_windows_1based_frames_v2,unknown,0.006278735585510731,-0.06436575949192047,0.386630117893219,0.386630117893219,0.0646712727223186,0.3920015581316596,0.16726866961644746,0.7722451090812683,0.007879812736064196,0.011300124228000641,0.004145950078964233,0.08942514657974243,0.9105748534202576,0.009539423510432243,0.9904605746269226,0.001986370887607336,0.9980136156082153,val,0.9849958006944809
banana_2,banana,right,slip,0,1,26,40,fill only if visible slip/instability occurs; recommended about 30 frames; delete or keep empty [] if no slip,26,026.png,0.4166666666666667,local_stable_slip_windows_1based_frames_v2,unknown,-0.008073672652244568,0.031763575971126556,0.4722144305706024,0.4722144305706024,0.03277360139760552,0.47335037486801196,0.06940391879613819,0.014935098588466644,0.0,0.0,0.0,0.4321750998497009,0.5678249001502991,0.02995726652443409,0.9700427055358887,0.006458892021328211,0.9935411214828491,val,0.2852139503051247
banana_2,banana,right,slip,0,1,26,40,fill only if visible slip/instability occurs; recommended about 30 frames; delete or keep empty [] if no slip,27,027.png,0.43333333333333335,local_stable_slip_windows_1based_frames_v2,unknown,-0.011066236533224583,0.02584375999867916,0.4695309102535248,0.4695309102535248,0.02811336909512276,0.47037180740918366,0.059875310881304926,0.004462120588868856,-0.002992563880980015,-0.005919815972447395,-0.0026835203170776367,0.428166925907135,0.571833074092865,0.0285919439047575,0.9714080691337585,0.006019237916916609,0.9939807653427124,val,0.26986378412879475
banana_2,banana,right,slip,0,1,26,40,fill only if visible slip/instability occurs; recommended about 30 frames; delete or keep empty [] if no slip,28,028.png,0.45,local_stable_slip_windows_1based_frames_v2,unknown,-0.011970187537372112,0.004655531607568264,0.4740661084651947,0.4740661084651947,0.012843650736022285,0.4742400600535162,0.027092473843215906,0.01899055950343609,-0.0038965148851275444,-0.027108044363558292,0.0018516778945922852,0.6483055353164673,0.3516944646835327,0.10168281942605972,0.8983171582221985,0.03420278802514076,0.9657971858978271,val,0.15185495248900344
banana_2,banana,right,slip,0,1,26,40,fill only if visible slip/instability occurs; recommended about 30 frames; delete or keep empty [] if no slip,29,029.png,0.4666666666666667,local_stable_slip_windows_1based_frames_v2,unknown,-0.024852348491549492,-0.03366564214229584,0.5451064109802246,0.5451064109802246,0.04184512739135284,0.5467101736552377,0.07676492109345198,0.014597105793654919,-0.016778675839304924,-0.0654292181134224,0.07289198040962219,0.9999998807907104,1.1920928955078125e-07,0.9999991655349731,8.344650268554688e-07,0.9998583793640137,0.00014162063598632812,val,5.041956628522516e-05
banana_2,banana,right,slip,0,1,26,40,fill only if visible slip/instability occurs; recommended about 30 frames; delete or keep empty [] if no slip,30,030.png,0.48333333333333334,local_stable_slip_windows_1based_frames_v2,unknown,-0.04768821597099304,-0.020087452605366707,0.4550674557685852,0.4550674557685852,0.051746223965318756,0.4580000665877268,0.11371085670599224,0.6228187084197998,-0.039614543318748474,-0.05185102857649326,-0.017146974802017212,0.048830363899469376,0.9511696100234985,0.005272773094475269,0.9947272539138794,0.0008072116179391742,0.9991927742958069,val,0.9598473081279479
banana_2,banana,right,slip,0,1,26,40,fill only if visible slip/instability occurs; recommended about 30 frames; delete or keep empty [] if no slip,31,031.png,0.5,local_stable_slip_windows_1based_frames_v2,unknown,-0.14750202000141144,-0.17712163925170898,0.4467202425003052,0.4467202425003052,0.23049711710932377,0.5026807098499412,0.5159752776009221,0.9927560687065125,-0.13942834734916687,-0.20888521522283554,-0.02549418807029724,0.00023153405345510691,0.9997684955596924,4.136994175496511e-05,0.9999586343765259,7.371800734290446e-07,0.9999992847442627,val,0.9927824502278007
banana_2,banana,right,slip,0,1,26,40,fill only if visible slip/instability occurs; recommended about 30 frames; delete or keep empty [] if no slip,32,032.png,0.5166666666666667,local_stable_slip_windows_1based_frames_v2,unknown,-0.15395553410053253,-0.1607239991426468,0.4263221323490143,0.4263221323490143,0.22256349741272885,0.48092106515643107,0.5220535329303331,0.9993308782577515,-0.14288929756730795,-0.18656775914132595,-0.0432087779045105,0.00010837832087418064,0.9998916387557983,7.531638402724639e-06,0.9999924898147583,4.493902849844744e-08,0.9999999403953552,val,0.9918819787682118
banana_2,banana,right,slip,0,1,26,40,fill only if visible slip/instability occurs; recommended about 30 frames; delete or keep empty [] if no slip,33,033.png,0.5333333333333333,local_stable_slip_windows_1based_frames_v2,unknown,-0.16632401943206787,-0.2021690458059311,0.4375528395175934,0.4375528395175934,0.26179381681414776,0.5098906646449103,0.5983122376500628,0.9998388290405273,-0.15435383189469576,-0.20682457741349936,-0.03651326894760132,7.319849100895226e-05,0.9999268054962158,7.536624707427109e-06,0.9999924898147583,5.209280828921692e-08,0.9999999403953552,val,0.9918701005485224
banana_2,banana,right,slip,0,1,26,40,fill only if visible slip/instability occurs; recommended about 30 frames; delete or keep empty [] if no slip,34,034.png,0.55,local_stable_slip_windows_1based_frames_v2,unknown,-0.14952516555786133,-0.16749757528305054,0.4312697649002075,0.4312697649002075,0.2245288686579234,0.4862168476902948,0.5206215837743547,0.999901533126831,-0.12467281706631184,-0.1338319331407547,-0.11383664608001709,2.416177994746249e-05,0.999975860118866,3.83099745704385e-07,0.9999996423721313,4.0292646996675785e-10,1.0,val,0.9861592729106967
banana_2,banana,right,slip,0,1,26,40,fill only if visible slip/instability occurs; recommended about 30 frames; delete or keep empty [] if no slip,35,035.png,0.5666666666666667,local_stable_slip_windows_1based_frames_v2,unknown,-0.11982764303684235,-0.13461193442344666,0.42370641231536865,0.42370641231536865,0.18021941328554816,0.46044126744042874,0.42533929793847813,0.9997336268424988,-0.0721394270658493,-0.11452448181807995,-0.03136104345321655,0.0006440872675739229,0.9993559122085571,6.170164851937443e-05,0.9999383091926575,1.05133221950382e-06,0.999998927116394,val,0.9940439168500912
banana_2,banana,right,slip,0,1,26,40,fill only if visible slip/instability occurs; recommended about 30 frames; delete or keep empty [] if no slip,36,036.png,0.5833333333333334,local_stable_slip_windows_1based_frames_v2,unknown,-0.04674993455410004,-0.051704660058021545,0.4153335392475128,0.4153335392475128,0.06970601302992595,0.4211423477595117,0.16783100475153506,0.9998486042022705,0.1007520854473114,0.12541697919368744,-0.03138670325279236,0.019414022564888,0.9805859923362732,0.001833309419453144,0.9981666803359985,0.00015724361583124846,0.9998427629470825,val,0.9963998939515777
banana_2,banana,right,slip,0,1,26,40,fill only if visible slip/instability occurs; recommended about 30 frames; delete or keep empty [] if no slip,37,037.png,0.6,local_stable_slip_windows_1based_frames_v2,unknown,-0.024861827492713928,0.0018949516816064715,0.41143596172332764,0.41143596172332764,0.02493393888163459,0.4121907955150777,0.06060208780756435,0.9998199343681335,0.1290937066078186,0.16261895082425326,-0.014886170625686646,0.08998379856348038,0.9100161790847778,0.00710920337587595,0.9928907752037048,0.0011295133735984564,0.9988704919815063,val,0.996718775428007
banana_2,banana,right,slip,0,1,26,40,fill only if visible slip/instability occurs; recommended about 30 frames; delete or keep empty [] if no slip,38,038.png,0.6166666666666667,local_stable_slip_windows_1based_frames_v2,unknown,-0.02431328035891056,-0.028562642633914948,0.4136391282081604,0.4136391282081604,0.03750946755212238,0.41533635591030393,0.09068140394068852,0.9997171759605408,0.1420107390731573,0.17360640317201614,-0.023913711309432983,0.05372893437743187,0.9462710618972778,0.003916705492883921,0.9960833191871643,0.0004472335276659578,0.9995527863502502,val,0.9968000384653556
banana_2,banana,right,slip,0,1,26,40,fill only if visible slip/instability occurs; recommended about 30 frames; delete or keep empty [] if no slip,39,039.png,0.6333333333333333,local_stable_slip_windows_1based_frames_v2,unknown,-0.0270448736846447,-0.012123744003474712,0.3910141885280609,0.3910141885280609,0.029637988482354473,0.3921358259475129,0.07579753767091205,0.9998612403869629,0.12248029187321663,0.15537383127957582,-0.040255576372146606,0.03298759087920189,0.9670124053955078,0.0021667785476893187,0.9978331923484802,0.00018011934298556298,0.9998198747634888,val,0.99628136738274
banana_2,banana,right,slip,0,1,26,40,fill only if visible slip/instability occurs; recommended about 30 frames; delete or keep empty [] if no slip,40,040.png,0.65,local_stable_slip_windows_1based_frames_v2,unknown,-0.016265228390693665,-0.03236088901758194,0.3980134427547455,0.3980134427547455,0.03621856972065135,0.3996579605188601,0.0909981292889139,0.9988454580307007,0.10356241464614868,0.10225104540586472,-0.02569296956062317,0.03917188569903374,0.9608281254768372,0.0045329369604587555,0.9954670667648315,0.0006595935556106269,0.9993404150009155,val,0.9963866091311239
cucumber_1,cucumber,left,slip,0,1,30,60,fill only if visible slip/instability occurs; recommended about 30 frames; delete or keep empty [] if no slip,30,030.png,0.48333333333333334,local_stable_slip_windows_1based_frames_v2,unknown,-0.05161552503705025,-0.0034044673666357994,0.6034054160118103,0.6034054160118103,0.05172767946564826,0.6056185671652469,0.0857261011699879,0.16140396893024445,0.0,0.0,0.0,0.21341261267662048,0.7865873575210571,0.0017871425952762365,0.9982128739356995,5.23724447702989e-05,0.9999476075172424,test,0.6403074536191823
cucumber_1,cucumber,left,slip,0,1,30,60,fill only if visible slip/instability occurs; recommended about 30 frames; delete or keep empty [] if no slip,31,031.png,0.5,local_stable_slip_windows_1based_frames_v2,unknown,-0.048782721161842346,-0.07238566130399704,0.5584448575973511,0.5584448575973511,0.08728939137358581,0.5652257043193425,0.15630770680104666,0.8218506574630737,0.002832803875207901,-0.06898119393736124,-0.04496055841445923,0.009401857852935791,0.9905981421470642,0.00011783186346292496,0.999882161617279,1.3231817774794763e-06,0.9999986886978149,test,0.9866871881740104
cucumber_1,cucumber,left,slip,0,1,30,60,fill only if visible slip/instability occurs; recommended about 30 frames; delete or keep empty [] if no slip,32,032.png,0.5166666666666667,local_stable_slip_windows_1based_frames_v2,unknown,-0.05436126887798309,-0.054236382246017456,0.5747798681259155,0.5747798681259155,0.07679018630762977,0.579886738524003,0.13359906455829976,0.003340216586366296,-0.002745743840932846,-0.05083191487938166,-0.028625547885894775,0.09106913208961487,0.9089308977127075,0.0003426471957936883,0.9996573328971863,3.368733814568259e-06,0.9999966025352478,test,0.3915689252047837
cucumber_1,cucumber,left,slip,0,1,30,60,fill only if visible slip/instability occurs; recommended about 30 frames; delete or keep empty [] if no slip,33,033.png,0.5333333333333333,local_stable_slip_windows_1based_frames_v2,unknown,-0.07455126941204071,-0.07856915891170502,0.567832350730896,0.567832350730896,0.10830976180861739,0.5780697043087578,0.19074216346962483,0.0030515710823237896,-0.022935744374990463,-0.07516469154506922,-0.03557306528091431,0.04764503240585327,0.9523549675941467,0.0001483226369600743,0.9998517036437988,9.322489518126531e-07,0.9999990463256836,test,0.3770517260283056
cucumber_1,cucumber,left,slip,0,1,30,60,fill only if visible slip/instability occurs; recommended about 30 frames; delete or keep empty [] if no slip,34,034.png,0.55,local_stable_slip_windows_1based_frames_v2,unknown,-0.09871029853820801,-0.08366385102272034,0.5742824077606201,0.5742824077606201,0.12939614756805587,0.5886795791165083,0.22531757982113312,0.8176364302635193,-0.04709477350115776,-0.08025938365608454,-0.029123008251190186,0.006151819601655006,0.9938482046127319,8.767916006036103e-05,0.9999123215675354,8.701790648046881e-07,0.9999991059303284,test,0.9867992600465421
cucumber_1,cucumber,left,slip,0,1,30,60,fill only if visible slip/instability occurs; recommended about 30 frames; delete or keep empty [] if no slip,35,035.png,0.5666666666666667,local_stable_slip_windows_1based_frames_v2,unknown,-0.12439024448394775,-0.0952504500746727,0.5640971064567566,0.5640971064567566,0.15667029444730105,0.5854495082200423,0.2777358985148646,0.9126102924346924,-0.0727747194468975,-0.0918459827080369,-0.03930830955505371,0.0026128750760108232,0.9973871111869812,5.248298839433119e-05,0.9999474883079529,4.827138013752119e-07,0.9999995231628418,test,0.9910176420796127
cucumber_1,cucumber,left,slip,0,1,30,60,fill only if visible slip/instability occurs; recommended about 30 frames; delete or keep empty [] if no slip,36,036.png,0.5833333333333334,local_stable_slip_windows_1based_frames_v2,unknown,-0.14898090064525604,-0.060879893600940704,0.5596573948860168,0.5596573948860168,0.16093995837558028,0.5823384495742459,0.28756820204288763,0.8683179616928101,-0.1001981794834137,0.011505767703056335,0.0012125372886657715,0.0121683981269598,0.9878315925598145,0.00043793805525638163,0.9995620846748352,1.437680020899279e-05,0.9999856352806091,test,0.9917984819090198
cucumber_1,cucumber,left,slip,0,1,30,60,fill only if visible slip/instability occurs; recommended about 30 frames; delete or keep empty [] if no slip,37,037.png,0.6,local_stable_slip_windows_1based_frames_v2,unknown,-0.22145366668701172,-0.08026716858148575,0.5465158224105835,0.5465158224105835,0.2355515757561616,0.5951168700232982,0.43100516964361246,0.999840497970581,-0.16709239780902863,-0.026030786335468292,-0.02826404571533203,0.0006236967747099698,0.9993762969970703,2.527941069274675e-05,0.9999747276306152,2.3257460668446583e-07,0.9999997615814209,test,0.9940186984303967
cucumber_1,cucumber,left,slip,0,1,30,60,fill only if visible slip/instability occurs; recommended about 30 frames; delete or keep empty [] if no slip,38,038.png,0.6166666666666667,local_stable_slip_windows_1based_frames_v2,unknown,-0.2847341299057007,-0.150517076253891,0.5071712732315063,0.5071712732315063,0.3220697362019227,0.6007924894407747,0.6350302514564102,0.9999991655349731,-0.21018286049365997,-0.07194791734218597,-0.06066107749938965,3.169570118188858e-05,0.9999682903289795,5.82776181090594e-07,0.9999994039535522,8.363326142735161e-10,1.0,test,0.9901147132619972
cucumber_1,cucumber,left,slip,0,1,30,60,fill only if visible slip/instability occurs; recommended about 30 frames; delete or keep empty [] if no slip,39,039.png,0.6333333333333333,local_stable_slip_windows_1based_frames_v2,unknown,-0.29865211248397827,-0.18772882223129272,0.5047000050544739,0.5047000050544739,0.3527537313587074,0.6157574929219108,0.698936058826817,0.9999995231628418,-0.19994181394577026,-0.10406497120857239,-0.06958240270614624,1.429710209777113e-05,0.9999856948852539,1.7005660879476636e-07,0.9999998211860657,1.2814231620250638e-10,1.0,test,0.9889017694531261
cucumber_1,cucumber,left,slip,0,1,30,60,fill only if visible slip/instability occurs; recommended about 30 frames; delete or keep empty [] if no slip,40,040.png,0.65,local_stable_slip_windows_1based_frames_v2,unknown,-0.2921679615974426,-0.1962083876132965,0.5061897039413452,0.5061897039413452,0.35193728014209336,0.6165126645333744,0.6952661860476878,0.9999995231628418,-0.16777771711349487,-0.10095793753862381,-0.05790740251541138,2.6105635697604157e-05,0.9999738931655884,3.5614311855169944e-07,0.9999996423721313,3.695113659496485e-10,1.0,test,0.9905224100998972
cucumber_1,cucumber,left,slip,0,1,30,60,fill only if visible slip/instability occurs; recommended about 30 frames; delete or keep empty [] if no slip,41,041.png,0.6666666666666666,local_stable_slip_windows_1based_frames_v2,unknown,-0.2960115373134613,-0.17781826853752136,0.5242118239402771,0.5242118239402771,0.3453145911315662,0.6277262167594666,0.6587297665402162,0.9999996423721313,-0.14703063666820526,-0.11693837493658066,-0.035445570945739746,6.127134111011401e-05,0.9999387264251709,1.114513679567608e-06,0.9999988675117493,1.976012686810691e-09,1.0,test,0.9925672855810076
cucumber_1,cucumber,left,slip,0,1,30,60,fill only if visible slip/instability occurs; recommended about 30 frames; delete or keep empty [] if no slip,42,042.png,0.6833333333333333,local_stable_slip_windows_1based_frames_v2,unknown,-0.266495943069458,-0.12029017508029938,0.5122510194778442,0.5122510194778442,0.2923864119505708,0.5898227876654306,0.5707862552667144,0.9999814033508301,-0.04504227638244629,-0.04002300649881363,-0.03426480293273926,0.00038354218122549355,0.9996164441108704,9.893029528029729e-06,0.9999901056289673,5.119155588317881e-08,0.9999999403953552,test,0.9943346639603575
cucumber_1,cucumber,left,slip,0,1,30,60,fill only if visible slip/instability occurs; recommended about 30 frames; delete or keep empty [] if no slip,43,043.png,0.7,local_stable_slip_windows_1based_frames_v2,unknown,-0.17723864316940308,-0.06405980885028839,0.5309504866600037,0.5309504866600037,0.18846006405195367,0.563405373622724,0.3549478036825512,8.403023457503878e-06,0.10749548673629761,0.0864572674036026,0.023779213428497314,0.250758558511734,0.7492414712905884,0.0020917928777635098,0.9979082345962524,6.561382178915665e-05,0.9999343752861023,test,0.4609216755140094
cucumber_1,cucumber,left,slip,0,1,30,60,fill only if visible slip/instability occurs; recommended about 30 frames; delete or keep empty [] if no slip,44,044.png,0.7166666666666667,local_stable_slip_windows_1based_frames_v2,unknown,-0.1347687542438507,-0.07903382182121277,0.5451433062553406,0.5451433062553406,0.15623367790622686,0.567089222668806,0.2865914146282002,9.623945516068488e-06,0.16388335824012756,0.10869500041007996,0.0404433012008667,0.43955665826797485,0.5604433417320251,0.006869664415717125,0.9931303262710571,0.0003829771594610065,0.9996170401573181,test,0.44269615796395595
cucumber_1,cucumber,left,slip,0,1,30,60,fill only if visible slip/instability occurs; recommended about 30 frames; delete or keep empty [] if no slip,45,045.png,0.7333333333333333,local_stable_slip_windows_1based_frames_v2,unknown,-0.1398487091064453,-0.08043362200260162,0.5521538257598877,0.5521538257598877,0.16132956637639786,0.5752400162440692,0.29218175564140464,4.369546331872698e-06,0.15231925249099731,0.11577476561069489,0.04596412181854248,0.4767444133758545,0.5232555866241455,0.009090100415050983,0.9909098744392395,0.0005856133648194373,0.9994143843650818,test,0.4319971380890423
cucumber_1,cucumber,left,slip,0,1,30,60,fill only if visible slip/instability occurs; recommended about 30 frames; delete or keep empty [] if no slip,46,046.png,0.75,local_stable_slip_windows_1based_frames_v2,unknown,-0.13716526329517365,-0.061143629252910614,0.5627217888832092,0.5627217888832092,0.1501760728380247,0.5824162296304687,0.266873984499663,3.911111889465246e-06,0.15884627401828766,0.11667463928461075,0.03850996494293213,0.41762271523475647,0.5823773145675659,0.004717195872217417,0.9952828288078308,0.00019297933613415807,0.9998070001602173,test,0.4553573397946073
cucumber_1,cucumber,left,slip,0,1,30,60,fill only if visible slip/instability occurs; recommended about 30 frames; delete or keep empty [] if no slip,47,047.png,0.7666666666666667,local_stable_slip_windows_1based_frames_v2,unknown,-0.12306903302669525,-0.0594768226146698,0.5422981381416321,0.5422981381416321,0.13668752437023177,0.5592591080620354,0.2520518930541489,4.817522039957112e-06,0.14342691004276276,0.06081335246562958,0.030047118663787842,0.37115979194641113,0.6288402080535889,0.004194184206426144,0.9958057999610901,0.00017801397189032286,0.9998219609260559,test,0.44139083110738164
cucumber_1,cucumber,left,slip,0,1,30,60,fill only if visible slip/instability occurs; recommended about 30 frames; delete or keep empty [] if no slip,48,048.png,0.7833333333333333,local_stable_slip_windows_1based_frames_v2,unknown,-0.1367611438035965,-0.06783506274223328,0.5374281406402588,0.5374281406402588,0.15266042772018792,0.5586897283320649,0.28405684801221986,0.001517999335192144,0.04047749936580658,-0.0037752538919448853,0.006477653980255127,0.11772969365119934,0.882270336151123,0.0005264740902930498,0.999473512172699,6.999531706242124e-06,0.9999930262565613,test,0.45417750917949484
cucumber_1,cucumber,left,slip,0,1,30,60,fill only if visible slip/instability occurs; recommended about 30 frames; delete or keep empty [] if no slip,49,049.png,0.8,local_stable_slip_windows_1based_frames_v2,unknown,-0.13852307200431824,-0.0654379278421402,0.5376653075218201,0.5376653075218201,0.1532017097743582,0.5590659592483879,0.2849382742253025,0.8499651551246643,-0.0037543177604675293,0.01359589397907257,-0.007477998733520508,0.010516262613236904,0.9894837141036987,0.00017737672897055745,0.9998226165771484,2.7050696189689916e-06,0.9999973177909851,test,0.9915636434873956
cucumber_1,cucumber,left,slip,0,1,30,60,fill only if visible slip/instability occurs; recommended about 30 frames; delete or keep empty [] if no slip,50,050.png,0.8166666666666667,local_stable_slip_windows_1based_frames_v2,unknown,-0.1324111670255661,-0.05906736105680466,0.5326527953147888,0.5326527953147888,0.14498851780498787,0.5520332151709221,0.27220029047066535,0.8995357155799866,0.007437542080879211,0.021366260945796967,-0.019501030445098877,0.006676585879176855,0.9933233857154846,9.945063357008621e-05,0.9999005198478699,1.0916903647739673e-06,0.999998927116394,test,0.9932049783548148
cucumber_1,cucumber,left,slip,0,1,30,60,fill only if visible slip/instability occurs; recommended about 30 frames; delete or keep empty [] if no slip,51,051.png,0.8333333333333334,local_stable_slip_windows_1based_frames_v2,unknown,-0.14992651343345642,-0.03795873746275902,0.5258434414863586,0.5258434414863586,0.1546571213364553,0.5481150884023323,0.29411192576135153,0.9773682355880737,-0.012761250138282776,0.023184891790151596,-0.036878347396850586,0.0022549766581505537,0.9977450370788574,2.9682931199204177e-05,0.9999703168869019,1.7939882468454016e-07,0.9999998211860657,test,0.994772728958996
cucumber_1,cucumber,left,slip,0,1,30,60,fill only if visible slip/instability occurs; recommended about 30 frames; delete or keep empty [] if no slip,52,052.png,0.85,local_stable_slip_windows_1based_frames_v2,unknown,-0.14538343250751495,-0.03836295008659363,0.5253629088401794,0.5253629088401794,0.15035976319153216,0.5464560772578417,0.28620116582327504,0.9804165959358215,-0.022314399480819702,0.021113872528076172,-0.016935229301452637,0.003965463023632765,0.996034562587738,8.450217865174636e-05,0.9999154806137085,9.951925221685087e-07,0.9999989867210388,test,0.9956001906522638
cucumber_1,cucumber,left,slip,0,1,30,60,fill only if visible slip/instability occurs; recommended about 30 frames; delete or keep empty [] if no slip,53,053.png,0.8666666666666667,local_stable_slip_windows_1based_frames_v2,unknown,-0.157547727227211,-0.016635682433843613,0.5345438718795776,0.5345438718795776,0.15842358500078002,0.5575259484979239,0.29637097526298917,0.9373197555541992,-0.020786583423614502,0.051199380308389664,-0.0028842687606811523,0.005395027343183756,0.9946049451828003,9.33067494770512e-05,0.9999067187309265,1.0377667649663636e-06,0.9999989867210388,test,0.9951046699481791
cucumber_1,cucumber,left,slip,0,1,30,60,fill only if visible slip/instability occurs; recommended about 30 frames; delete or keep empty [] if no slip,54,054.png,0.8833333333333333,local_stable_slip_windows_1based_frames_v2,unknown,-0.15856628119945526,-0.024758748710155487,0.4982008635997772,0.4982008635997772,0.1604875732607274,0.5234122291871687,0.32213362692206354,0.940497100353241,-0.020043209195137024,0.04067917913198471,-0.03946444392204285,0.0019512409344315529,0.9980487823486328,2.5043826099135913e-05,0.9999749660491943,1.4039447648883652e-07,0.9999998807907104,test,0.9931873946904635
cucumber_1,cucumber,left,slip,0,1,30,60,fill only if visible slip/instability occurs; recommended about 30 frames; delete or keep empty [] if no slip,55,055.png,0.9,local_stable_slip_windows_1based_frames_v2,unknown,-0.17699654400348663,-0.017293553799390793,0.489842027425766,0.489842027425766,0.17783937582040318,0.5211257577828747,0.36305380675721494,0.9999974966049194,-0.04458537697792053,0.041773807257413864,-0.04281076788902283,0.0010598752414807677,0.998940110206604,2.1311920136213303e-05,0.9999786615371704,1.356654024675663e-07,0.9999998807907104,test,0.9947137799027884
cucumber_1,cucumber,left,slip,0,1,30,60,fill only if visible slip/instability occurs; recommended about 30 frames; delete or keep empty [] if no slip,56,056.png,0.9166666666666666,local_stable_slip_windows_1based_frames_v2,unknown,-0.190007284283638,0.004442420322448015,0.48253342509269714,0.48253342509269714,0.1900592096667892,0.5186145095452441,0.3938769956781382,0.9999750852584839,-0.04008077085018158,0.04240115778520703,-0.0433100163936615,0.0007151318714022636,0.9992848634719849,1.0759459655673709e-05,0.9999892115592957,4.436619605030501e-08,0.9999999403953552,test,0.9946392336766615
cucumber_1,cucumber,left,slip,0,1,30,60,fill only if visible slip/instability occurs; recommended about 30 frames; delete or keep empty [] if no slip,57,057.png,0.9333333333333333,local_stable_slip_windows_1based_frames_v2,unknown,-0.1996588408946991,-0.002020921790972352,0.47215741872787476,0.47215741872787476,0.19966906839142612,0.512640580652829,0.42288575289918534,0.9999984502792358,-0.05427540838718414,0.036342028295621276,-0.05320549011230469,0.0004541836096905172,0.9995458126068115,6.968639809201704e-06,0.9999930262565613,2.4771768636355773e-08,1.0,test,0.993886922652126
cucumber_1,cucumber,left,slip,0,1,30,60,fill only if visible slip/instability occurs; recommended about 30 frames; delete or keep empty [] if no slip,58,058.png,0.95,local_stable_slip_windows_1based_frames_v2,unknown,-0.2166382372379303,0.002356786746531725,0.4673606753349304,0.4673606753349304,0.2166510564879073,0.5151346242749061,0.46356187920767433,0.999998927116394,-0.0590905100107193,0.018992469180375338,-0.06718319654464722,0.0002517384709790349,0.9997482895851135,3.3970918593695387e-06,0.9999966025352478,8.51576675842125e-09,1.0,test,0.9928200606932127
cucumber_1,cucumber,left,slip,0,1,30,60,fill only if visible slip/instability occurs; recommended about 30 frames; delete or keep empty [] if no slip,59,059.png,0.9666666666666667,local_stable_slip_windows_1based_frames_v2,unknown,-0.21418452262878418,-0.012824073433876038,0.4368894696235657,0.4368894696235657,0.21456809313865285,0.4867359399727106,0.49112559796401467,0.9999995231628418,-0.05561824142932892,0.01193467527627945,-0.06131139397621155,0.00024138532171491534,0.9997586011886597,3.2169218684430234e-06,0.9999967813491821,7.737413376673885e-09,1.0,test,0.9929840419970117
cucumber_1,cucumber,left,slip,0,1,30,60,fill only if visible slip/instability occurs; recommended about 30 frames; delete or keep empty [] if no slip,60,060.png,0.9833333333333333,local_stable_slip_windows_1based_frames_v2,unknown,-0.22566063702106476,-0.014641997404396534,0.4392736554145813,0.4392736554145813,0.22613516132778444,0.4940632100551825,0.5147921887602672,0.9999995231628418,-0.048664093017578125,0.002651556394994259,-0.05056837201118469,0.00027557453722693026,0.9997244477272034,4.951738446834497e-06,0.9999950528144836,1.570560925756581e-08,1.0,test,0.9935768902546347
cucumber_1,cucumber,right,slip,0,1,30,60,fill only if visible slip/instability occurs; recommended about 30 frames; delete or keep empty [] if no slip,30,030.png,0.48333333333333334,local_stable_slip_windows_1based_frames_v2,unknown,-0.008196592330932617,-0.08536273241043091,0.4104855954647064,0.4104855954647064,0.08575535091418106,0.4193475936433032,0.20891145255814889,0.0033198015298694372,0.0,0.0,0.0,0.31291306018829346,0.6870869398117065,0.0022715027444064617,0.9977285265922546,7.923485100036487e-05,0.9999207854270935,test,0.3290030665797394
cucumber_1,cucumber,right,slip,0,1,30,60,fill only if visible slip/instability occurs; recommended about 30 frames; delete or keep empty [] if no slip,31,031.png,0.5,local_stable_slip_windows_1based_frames_v2,unknown,-0.04130738601088524,-0.07167433947324753,0.3485146760940552,0.3485146760940552,0.08272551648662343,0.3581982559015646,0.23736526693364005,0.5633672475814819,-0.03311079367995262,0.01368839293718338,-0.061970919370651245,0.004081581253558397,0.9959183931350708,0.00032535300124436617,0.9996746182441711,1.0250366358377505e-05,0.9999897480010986,test,0.9230391642551744
cucumber_1,cucumber,right,slip,0,1,30,60,fill only if visible slip/instability occurs; recommended about 30 frames; delete or keep empty [] if no slip,32,032.png,0.5166666666666667,local_stable_slip_windows_1based_frames_v2,unknown,-0.08897159993648529,-0.06036712974309921,0.34249839186668396,0.34249839186668396,0.10751807266073068,0.3589781112824886,0.31392193742224667,0.0031542624346911907,-0.08077500760555267,0.024995602667331696,-0.06798720359802246,0.006745034363120794,0.9932549595832825,0.00014687443035654724,0.9998531341552734,1.8255806253364426e-06,0.999998152256012,test,0.28222954414880075
cucumber_1,cucumber,right,slip,0,1,30,60,fill only if visible slip/instability occurs; recommended about 30 frames; delete or keep empty [] if no slip,33,033.png,0.5333333333333333,local_stable_slip_windows_1based_frames_v2,unknown,-0.1368512362241745,-0.07403001189231873,0.3496790826320648,0.3496790826320648,0.15559146350896524,0.38273249711419083,0.4449537484028777,0.0008691015536896884,-0.12865464389324188,0.011332720518112183,-0.0608065128326416,0.002981447847560048,0.997018575668335,3.68807595805265e-05,0.999963104724884,1.962958577905738e-07,0.9999998211860657,test,0.26687339499719653
cucumber_1,cucumber,right,slip,0,1,30,60,fill only if visible slip/instability occurs; recommended about 30 frames; delete or keep empty [] if no slip,34,034.png,0.55,local_stable_slip_windows_1based_frames_v2,unknown,-0.15264037251472473,-0.06922659277915955,0.37361791729927063,0.37361791729927063,0.16760490586270296,0.40948962452825366,0.44859855350539063,0.6617916822433472,-0.14444378018379211,0.016136139631271362,-0.03686767816543579,0.0010337155545130372,0.9989662766456604,0.00017363698862027377,0.9998263716697693,5.786404017271707e-06,0.9999942183494568,test,0.9540689880233569
cucumber_1,cucumber,right,slip,0,1,30,60,fill only if visible slip/instability occurs; recommended about 30 frames; delete or keep empty [] if no slip,35,035.png,0.5666666666666667,local_stable_slip_windows_1based_frames_v2,unknown,-0.19142460823059082,-0.07099620997905731,0.38903993368148804,0.38903993368148804,0.2041662128453814,0.4393585238350591,0.5247936532368455,0.9959754347801208,-0.1832280158996582,0.014366522431373596,-0.021445661783218384,0.00037195076583884656,0.9996280670166016,0.00014913453196641058,0.999850869178772,6.653793661826057e-06,0.9999933242797852,test,0.9934623144889991
cucumber_1,cucumber,right,slip,0,1,30,60,fill only if visible slip/instability occurs; recommended about 30 frames; delete or keep empty [] if no slip,36,036.png,0.5833333333333334,local_stable_slip_windows_1based_frames_v2,unknown,-0.2028653621673584,-0.07920278608798981,0.42105478048324585,0.42105478048324585,0.21777841144473747,0.4740406782747528,0.5172198590761374,0.8042553663253784,-0.16155797615647316,-0.007528446614742279,0.07254010438919067,0.016796976327896118,0.9832030534744263,0.004186408594250679,0.9958136081695557,0.0008274808642454445,0.9991725087165833,test,0.9910940809754897
cucumber_1,cucumber,right,slip,0,1,30,60,fill only if visible slip/instability occurs; recommended about 30 frames; delete or keep empty [] if no slip,37,037.png,0.6,local_stable_slip_windows_1based_frames_v2,unknown,-0.15486858785152435,-0.05956561118364334,0.41124334931373596,0.41124334931373596,0.16592872427282232,0.44345623672870554,0.40347964549474274,0.0004692719376180321,-0.06589698791503906,0.0008015185594558716,0.068744957447052,0.5448719263076782,0.4551280736923218,0.09025360643863678,0.9097464084625244,0.037988536059856415,0.962011456489563,test,0.2149881458275407
cucumber_1,cucumber,right,slip,0,1,30,60,fill only if visible slip/instability occurs; recommended about 30 frames; delete or keep empty [] if no slip,38,038.png,0.6166666666666667,local_stable_slip_windows_1based_frames_v2,unknown,-0.13979414105415344,-0.06435516476631165,0.4163225293159485,0.4163225293159485,0.1538960334289603,0.4438563253139426,0.369654901998509,9.871072506939527e-06,-0.002942904829978943,0.00967484712600708,0.06664344668388367,0.5544551610946655,0.4455448389053345,0.054930396378040314,0.9450696110725403,0.015291038900613785,0.9847089648246765,test,0.2785048419160511
cucumber_1,cucumber,right,slip,0,1,30,60,fill only if visible slip/instability occurs; recommended about 30 frames; delete or keep empty [] if no slip,39,039.png,0.6333333333333333,local_stable_slip_windows_1based_frames_v2,unknown,-0.10133808851242065,-0.08067210018634796,0.4061742424964905,0.4061742424964905,0.12952758753187432,0.42632723487882546,0.3188958212611728,9.525312634650618e-06,0.05130228400230408,-0.011445507407188416,0.03255632519721985,0.31393566727638245,0.6860643625259399,0.020017482340335846,0.9799824953079224,0.004426463507115841,0.9955735206604004,test,0.373835357034856
cucumber_1,cucumber,right,slip,0,1,30,60,fill only if visible slip/instability occurs; recommended about 30 frames; delete or keep empty [] if no slip,40,040.png,0.65,local_stable_slip_windows_1based_frames_v2,unknown,-0.05574624240398407,-0.07694702595472336,0.4219886362552643,0.4219886362552643,0.09501835793908786,0.4325539243539681,0.2251675154448832,0.1909075826406479,0.13567836582660675,-0.005950815975666046,0.032948702573776245,0.5109662413597107,0.4890337586402893,0.0602613128721714,0.9397386908531189,0.0211262758821249,0.9788737297058105,test,0.5445390794005988
cucumber_1,cucumber,right,slip,0,1,30,60,fill only if visible slip/instability occurs; recommended about 30 frames; delete or keep empty [] if no slip,41,041.png,0.6666666666666666,local_stable_slip_windows_1based_frames_v2,unknown,-0.03624716401100159,-0.11190464347600937,0.4404616355895996,0.4404616355895996,0.11762867902995942,0.45589796945873584,0.2670571111497407,0.5867636203765869,0.1666181981563568,-0.03270185738801956,0.01940685510635376,0.10719132423400879,0.8928086757659912,0.006509840022772551,0.9934901595115662,0.0008859466761350632,0.9991140365600586,test,0.9694460701914491
cucumber_1,cucumber,right,slip,0,1,30,60,fill only if visible slip/instability occurs; recommended about 30 frames; delete or keep empty [] if no slip,42,042.png,0.6833333333333333,local_stable_slip_windows_1based_frames_v2,unknown,-0.022280342876911163,-0.10862461477518082,0.4663011431694031,0.4663011431694031,0.1108860704226151,0.4793041588958532,0.23779875783742915,0.817542552947998,0.1325882449746132,-0.049059003591537476,0.055057793855667114,0.6433390378952026,0.35666096210479736,0.09173387289047241,0.9082661271095276,0.025294853374361992,0.974705159664154,test,0.9735659495416402
cucumber_1,cucumber,right,slip,0,1,30,60,fill only if visible slip/instability occurs; recommended about 30 frames; delete or keep empty [] if no slip,43,043.png,0.7,local_stable_slip_windows_1based_frames_v2,unknown,-0.034699391573667526,-0.09336254745721817,0.4363269805908203,0.4363269805908203,0.09960227428770903,0.4475509435078716,0.2282738644284059,0.7489832043647766,0.10509474948048592,-0.029007382690906525,0.020004451274871826,0.07588118314743042,0.9241188168525696,0.006831171456724405,0.993168830871582,0.0011099681723862886,0.9988900423049927,test,0.9875488721346051
cucumber_1,cucumber,right,slip,0,1,30,60,fill only if visible slip/instability occurs; recommended about 30 frames; delete or keep empty [] if no slip,44,044.png,0.7166666666666667,local_stable_slip_windows_1based_frames_v2,unknown,-0.0013205852592363954,-0.08789173513650894,0.410665899515152,0.410665899515152,0.08790165556309593,0.41996807268567693,0.21404611783144872,0.8509839177131653,0.10001750325318426,-0.00721963495016098,0.004491657018661499,0.033875614404678345,0.966124415397644,0.0054695806466042995,0.994530439376831,0.0009775677463039756,0.9990224242210388,test,0.9926833266916747
cucumber_1,cucumber,right,slip,0,1,30,60,fill only if visible slip/instability occurs; recommended about 30 frames; delete or keep empty [] if no slip,45,045.png,0.7333333333333333,local_stable_slip_windows_1based_frames_v2,unknown,-0.018344495445489883,-0.10800690203905106,0.4127873480319977,0.4127873480319977,0.10955369186486949,0.42707775181635527,0.2653991867434624,0.8140908479690552,0.037401746958494186,-0.031059876084327698,-0.009201288223266602,0.013377943076193333,0.9866220355033875,0.0023379770573228598,0.9976620078086853,0.0002824252878781408,0.9997175931930542,test,0.9889329126747872
cucumber_1,cucumber,right,slip,0,1,30,60,fill only if visible slip/instability occurs; recommended about 30 frames; delete or keep empty [] if no slip,46,046.png,0.75,local_stable_slip_windows_1based_frames_v2,unknown,-0.044342875480651855,-0.0899437889456749,0.4328644275665283,0.4328644275665283,0.1002804855183535,0.44432846907248125,0.231666654650864,0.8109691143035889,-0.008095711469650269,0.021960854530334473,-0.007597208023071289,0.011955424211919308,0.9880445599555969,0.001046365825459361,0.998953640460968,6.607514660572633e-05,0.9999338984489441,test,0.9888397603712995
cucumber_1,cucumber,right,slip,0,1,30,60,fill only if visible slip/instability occurs; recommended about 30 frames; delete or keep empty [] if no slip,47,047.png,0.7666666666666667,local_stable_slip_windows_1based_frames_v2,unknown,-0.02745378017425537,-0.09681808948516846,0.41278141736984253,0.41278141736984253,0.10063524480724645,0.42487168771673944,0.24379731445072633,0.8415685296058655,-0.005173437297344208,0.01180652529001236,-0.05351972579956055,0.0031272126361727715,0.9968727827072144,0.00046371304779313505,0.9995362758636475,2.3723467165837064e-05,0.9999762773513794,test,0.9861143615316313
cucumber_1,cucumber,right,slip,0,1,30,60,fill only if visible slip/instability occurs; recommended about 30 frames; delete or keep empty [] if no slip,48,048.png,0.7833333333333333,local_stable_slip_windows_1based_frames_v2,unknown,-0.06476878374814987,-0.1043887585401535,0.42028650641441345,0.42028650641441345,0.12284953503277525,0.437872990411377,0.2922988029809354,0.8324251770973206,-0.030069392174482346,-0.011026211082935333,-0.01604047417640686,0.005877459421753883,0.9941225647926331,0.0007585218991152942,0.9992414712905884,4.729120701085776e-05,0.9999527335166931,test,0.9885390145311849
cucumber_1,cucumber,right,slip,0,1,30,60,fill only if visible slip/instability occurs; recommended about 30 frames; delete or keep empty [] if no slip,49,049.png,0.8,local_stable_slip_windows_1based_frames_v2,unknown,-0.05714979022741318,-0.10091780126094818,0.4431987404823303,0.4431987404823303,0.11597629557104143,0.4581218448180632,0.2616795204907509,0.8753799796104431,-0.05582920496817678,-0.01302606612443924,0.032532840967178345,0.06040579453110695,0.9395942091941833,0.0054085999727249146,0.9945914149284363,0.000832518795505166,0.9991675019264221,test,0.9932209781197088
cucumber_1,cucumber,right,slip,0,1,30,60,fill only if visible slip/instability occurs; recommended about 30 frames; delete or keep empty [] if no slip,50,050.png,0.8166666666666667,local_stable_slip_windows_1based_frames_v2,unknown,-0.07616688311100006,-0.1040867269039154,0.4101433753967285,0.4101433753967285,0.12897845091493002,0.42994537930094884,0.31447085136830283,0.9379178881645203,-0.05782238766551018,0.003920175135135651,-0.002643972635269165,0.006213261280208826,0.9937867522239685,0.0014897399814799428,0.9985102415084839,0.00016562954988330603,0.9998343586921692,test,0.9941273525377434
cucumber_1,cucumber,right,slip,0,1,30,60,fill only if visible slip/instability occurs; recommended about 30 frames; delete or keep empty [] if no slip,51,051.png,0.8333333333333334,local_stable_slip_windows_1based_frames_v2,unknown,-0.08214069902896881,-0.09418965876102448,0.40733829140663147,0.40733829140663147,0.12497514254637149,0.42607894796687584,0.306808464547589,0.9502976536750793,-0.037797823548316956,-0.004245869815349579,-0.02552613615989685,0.002850898774340749,0.9971491098403931,0.0005202828906476498,0.9994797110557556,3.0953673558542505e-05,0.9999690651893616,test,0.9936016681616618
cucumber_1,cucumber,right,slip,0,1,30,60,fill only if visible slip/instability occurs; recommended about 30 frames; delete or keep empty [] if no slip,52,052.png,0.85,local_stable_slip_windows_1based_frames_v2,unknown,-0.07621489465236664,-0.09458550810813904,0.40911605954170227,0.40911605954170227,0.12147068992537327,0.42676817909243875,0.2969093737167699,0.9758726358413696,-0.04876111447811127,0.002232581377029419,-0.003665357828140259,0.008497936651110649,0.991502046585083,0.0023088271263986826,0.9976911544799805,0.0003587453393265605,0.9996412396430969,test,0.9952979911933729
cucumber_1,cucumber,right,slip,0,1,30,60,fill only if visible slip/instability occurs; recommended about 30 frames; delete or keep empty [] if no slip,53,053.png,0.8666666666666667,local_stable_slip_windows_1based_frames_v2,unknown,-0.10037494450807571,-0.10384281724691391,0.4117273986339569,0.4117273986339569,0.14442458301402583,0.436323172619402,0.3507763455064102,0.9997124075889587,-0.03560616075992584,0.0005459412932395935,-0.008559107780456543,0.0037166078109294176,0.9962834119796753,0.000589441682677716,0.9994105696678162,4.084473039256409e-05,0.9999591708183289,test,0.9958071114465331
cucumber_1,cucumber,right,slip,0,1,30,60,fill only if visible slip/instability occurs; recommended about 30 frames; delete or keep empty [] if no slip,54,054.png,0.8833333333333333,local_stable_slip_windows_1based_frames_v2,unknown,-0.09491512924432755,-0.10426602512598038,0.37851405143737793,0.37851405143737793,0.14099746719370165,0.4039222361922861,0.3725016129696192,0.9999830722808838,-0.03776533901691437,-0.003348223865032196,-0.06468468904495239,0.0007263293373398483,0.9992736577987671,0.00013495402527041733,0.9998650550842285,4.5361011871136725e-06,0.9999954700469971,test,0.9930224682627504
cucumber_1,cucumber,right,slip,0,1,30,60,fill only if visible slip/instability occurs; recommended about 30 frames; delete or keep empty [] if no slip,55,055.png,0.9,local_stable_slip_windows_1based_frames_v2,unknown,-0.10335519909858704,-0.09372596442699432,0.3661079406738281,0.3661079406738281,0.13952366676832562,0.39179315692455635,0.38109876943057047,0.9998500347137451,-0.027188315987586975,0.010360762476921082,-0.04403543472290039,0.001494098803959787,0.9985058903694153,0.0003750550968106836,0.9996249675750732,2.1949177607893944e-05,0.9999780654907227,test,0.9942347874917635
cucumber_1,cucumber,right,slip,0,1,30,60,fill only if visible slip/instability occurs; recommended about 30 frames; delete or keep empty [] if no slip,56,056.png,0.9166666666666666,local_stable_slip_windows_1based_frames_v2,unknown,-0.0993279442191124,-0.11362218856811523,0.3581300377845764,0.3581300377845764,0.1509173357762568,0.3886298575783718,0.4214025589902567,0.9999958276748657,-0.017187245190143585,-0.01943252980709076,-0.049208253622055054,0.0009257852798327804,0.9990742206573486,0.00024295262119267136,0.9997570514678955,1.1791692486440297e-05,0.9999881982803345,test,0.9938436439610573
cucumber_1,cucumber,right,slip,0,1,30,60,fill only if visible slip/instability occurs; recommended about 30 frames; delete or keep empty [] if no slip,57,057.png,0.9333333333333333,local_stable_slip_windows_1based_frames_v2,unknown,-0.11201277375221252,-0.08078084141016006,0.3686949908733368,0.3686949908733368,0.13810288129723355,0.3937110642561213,0.37457114998757324,0.9999783039093018,-0.035797879099845886,0.013804666697978973,-0.04042106866836548,0.0016778974095359445,0.9983221292495728,0.0003687832795549184,0.9996312260627747,2.0404822862474248e-05,0.9999796152114868,test,0.9943695602486908
cucumber_1,cucumber,right,slip,0,1,30,60,fill only if visible slip/instability occurs; recommended about 30 frames; delete or keep empty [] if no slip,58,058.png,0.95,local_stable_slip_windows_1based_frames_v2,unknown,-0.12306609749794006,-0.12958651781082153,0.3501731753349304,0.3501731753349304,0.17871186292942853,0.39314015652926476,0.5103513494634387,0.99967360496521,-0.02269115298986435,-0.025743700563907623,-0.06155422329902649,0.0003887913189828396,0.9996111989021301,6.653386662947014e-05,0.9999334812164307,1.6119040537887486e-06,0.9999983906745911,test,0.9927862938037068
cucumber_1,cucumber,right,slip,0,1,30,60,fill only if visible slip/instability occurs; recommended about 30 frames; delete or keep empty [] if no slip,59,059.png,0.9666666666666667,local_stable_slip_windows_1based_frames_v2,unknown,-0.12649500370025635,-0.13810037076473236,0.34523776173591614,0.34523776173591614,0.187277063108338,0.39276177320980415,0.5424566528007422,0.9999884366989136,-0.0315798744559288,-0.033834345638751984,-0.03327628970146179,0.0006140832556411624,0.9993858933448792,0.00015852582873776555,0.9998414516448975,6.832460712757893e-06,0.9999931454658508,test,0.9941483659284762
cucumber_1,cucumber,right,slip,0,1,30,60,fill only if visible slip/instability occurs; recommended about 30 frames; delete or keep empty [] if no slip,60,060.png,0.9833333333333333,local_stable_slip_windows_1based_frames_v2,unknown,-0.1290414035320282,-0.12570472061634064,0.3341127932071686,0.3341127932071686,0.18014816294025313,0.3795849301479765,0.5391820589356859,0.9999961853027344,-0.025686204433441162,-0.031978756189346313,-0.031995147466659546,0.000795303494669497,0.999204695224762,0.00017277587903663516,0.9998272061347961,6.7233654590381775e-06,0.9999932646751404,test,0.9942505571478112
cucumber_2,cucumber,left,slip,0,1,38,54,fill only if visible slip/instability occurs; recommended about 30 frames; delete or keep empty [] if no slip,38,038.png,0.6166666666666667,local_stable_slip_windows_1based_frames_v2,unknown,0.027030088007450104,-0.05972786992788315,0.28198766708374023,0.28198766708374023,0.06555946997812465,0.2895083565134916,0.232489733208519,0.04028201475739479,0.0,0.0,0.0,0.25341692566871643,0.746583104133606,0.008275603875517845,0.9917243719100952,0.0010042751673609018,0.9989957213401794,test,0.3742301107237199
cucumber_2,cucumber,left,slip,0,1,38,54,fill only if visible slip/instability occurs; recommended about 30 frames; delete or keep empty [] if no slip,39,039.png,0.6333333333333333,local_stable_slip_windows_1based_frames_v2,unknown,0.009450303390622139,-0.05202436447143555,0.26479825377464294,0.26479825377464294,0.0528757291470441,0.2700258467905096,0.19968231931666972,0.0752733051776886,-0.017579784616827965,0.007703505456447601,-0.01718941330909729,0.1955156773328781,0.8044843077659607,0.005484574940055609,0.9945154190063477,0.0005290524568408728,0.9994709491729736,test,0.4097464765971926
cucumber_2,cucumber,left,slip,0,1,38,54,fill only if visible slip/instability occurs; recommended about 30 frames; delete or keep empty [] if no slip,40,040.png,0.65,local_stable_slip_windows_1based_frames_v2,unknown,-0.0075168670155107975,-0.06089609116315842,0.26461783051490784,0.26461783051490784,0.0613582692770956,0.27163842407711225,0.23187416087397025,0.013400929048657417,-0.0345469550229609,-0.0011682212352752686,-0.017369836568832397,0.18002067506313324,0.8199793100357056,0.005397701635956764,0.9946023225784302,0.0005343792145140469,0.9994656443595886,test,0.32259165542378826
cucumber_2,cucumber,left,slip,0,1,38,54,fill only if visible slip/instability occurs; recommended about 30 frames; delete or keep empty [] if no slip,41,041.png,0.6666666666666666,local_stable_slip_windows_1based_frames_v2,unknown,-0.025121979415416718,-0.04159339889883995,0.2625548541545868,0.2625548541545868,0.04859140543045284,0.2670134380922484,0.18507073699390206,0.977412223815918,-0.05215206742286682,0.018134471029043198,-0.019432812929153442,0.02026505023241043,0.9797349572181702,0.0026856279000639915,0.9973143935203552,0.00035091768950223923,0.9996491074562073,test,0.9942333655892185
cucumber_2,cucumber,left,slip,0,1,38,54,fill only if visible slip/instability occurs; recommended about 30 frames; delete or keep empty [] if no slip,42,042.png,0.6833333333333333,local_stable_slip_windows_1based_frames_v2,unknown,-0.04582121968269348,-0.04746285080909729,0.2543351650238037,0.2543351650238037,0.06597201209707253,0.2627521313858781,0.25938903376520644,0.9999923706054688,-0.07285130769014359,0.012265019118785858,-0.027652502059936523,0.006473672576248646,0.9935263395309448,0.0010080563370138407,0.9989919662475586,8.462514961138368e-05,0.999915361404419,test,0.9943910031734937
cucumber_2,cucumber,left,slip,0,1,38,54,fill only if visible slip/instability occurs; recommended about 30 frames; delete or keep empty [] if no slip,43,043.png,0.7,local_stable_slip_windows_1based_frames_v2,unknown,-0.07461003959178925,-0.049819931387901306,0.2128896415233612,0.2128896415233612,0.08971445575481998,0.23102095800885425,0.42141098881970024,0.9999997615814209,-0.10164012759923935,0.009907938539981842,-0.06909802556037903,0.0003711410681717098,0.9996288418769836,2.6072122636833228e-05,0.9999739527702332,2.778903649414133e-07,0.9999997019767761,test,0.9910846814953794
cucumber_2,cucumber,left,slip,0,1,38,54,fill only if visible slip/instability occurs; recommended about 30 frames; delete or keep empty [] if no slip,44,044.png,0.7166666666666667,local_stable_slip_windows_1based_frames_v2,unknown,-0.16653501987457275,-0.07337832450866699,0.2174241691827774,0.2174241691827774,0.18198431622621655,0.28353405562144485,0.8369974686473962,0.9999996423721313,-0.1759853232651949,-0.021353960037231445,-0.04737408459186554,7.67249093769351e-06,0.999992311000824,2.9983908689246164e-07,0.9999997019767761,3.868430020759206e-10,1.0,test,0.9902902619133858
cucumber_2,cucumber,left,slip,0,1,38,54,fill only if visible slip/instability occurs; recommended about 30 frames; delete or keep empty [] if no slip,45,045.png,0.7333333333333333,local_stable_slip_windows_1based_frames_v2,unknown,-0.14606039226055145,-0.0699743926525116,0.21016347408294678,0.21016347408294678,0.16195695049732822,0.26532760816207474,0.7706200165562129,0.9999997615814209,-0.13854352524504066,-0.00907830148935318,-0.05445435643196106,8.965506822278257e-06,0.9999910593032837,2.790669100249943e-07,0.9999997019767761,3.1985070148010664e-10,1.0,test,0.9905669222314712
cucumber_2,cucumber,left,slip,0,1,38,54,fill only if visible slip/instability occurs; recommended about 30 frames; delete or keep empty [] if no slip,46,046.png,0.75,local_stable_slip_windows_1based_frames_v2,unknown,-0.10014208406209946,-0.05032467097043991,0.20514290034770966,0.20514290034770966,0.11207590958178136,0.23376188541260093,0.5463282573443214,0.9999997615814209,-0.07502010464668274,-0.00873127207159996,-0.057411953806877136,2.149789906980004e-05,0.9999784827232361,3.84239115192031e-07,0.9999996423721313,3.916434399009461e-10,1.0,test,0.9918631447433331
cucumber_2,cucumber,left,slip,0,1,38,54,fill only if visible slip/instability occurs; recommended about 30 frames; delete or keep empty [] if no slip,47,047.png,0.7666666666666667,local_stable_slip_windows_1based_frames_v2,unknown,-0.04071320593357086,-0.035152651369571686,0.17973627150058746,0.17973627150058746,0.05378916280906405,0.18761236987105326,0.2992654910135778,0.9999997615814209,0.00510801374912262,0.012310199439525604,-0.07459889352321625,0.00010855632717721164,0.999891459941864,1.9274984879302792e-06,0.9999980926513672,3.803738657381928e-09,1.0,test,0.9922938731773016
cucumber_2,cucumber,left,slip,0,1,38,54,fill only if visible slip/instability occurs; recommended about 30 frames; delete or keep empty [] if no slip,48,048.png,0.7833333333333333,local_stable_slip_windows_1based_frames_v2,unknown,0.006354584824293852,-0.040838681161403656,0.14579890668392181,0.14579890668392181,0.04133011767817667,0.1515437224616014,0.2834714960948214,0.9999995231628418,0.0809646244160831,0.00898125022649765,-0.06709073483943939,0.00023463797697331756,0.9997653365135193,4.191494099359261e-06,0.9999958276748657,1.145100103627783e-08,1.0,test,0.9935003250922289
cucumber_2,cucumber,left,slip,0,1,38,54,fill only if visible slip/instability occurs; recommended about 30 frames; delete or keep empty [] if no slip,49,049.png,0.8,local_stable_slip_windows_1based_frames_v2,unknown,-0.03024233877658844,-0.033250823616981506,0.12879714369773865,0.12879714369773865,0.04494681663795068,0.13641451737473362,0.34897099715529384,0.9999991655349731,0.13629268109798431,0.040127500891685486,-0.08862702548503876,0.0002479911781847477,0.9997519850730896,5.105405762151349e-06,0.9999948740005493,1.5944817022273128e-08,1.0,test,0.9928236848638302
cucumber_2,cucumber,left,slip,0,1,38,54,fill only if visible slip/instability occurs; recommended about 30 frames; delete or keep empty [] if no slip,50,050.png,0.8166666666666667,local_stable_slip_windows_1based_frames_v2,unknown,-0.0515303872525692,-0.027674557641148567,0.1382552832365036,0.1382552832365036,0.0584915545274102,0.1501192369213181,0.4230661577047716,0.9999996423721313,0.09453000500798225,0.04229983501136303,-0.07190819084644318,0.0002629375667311251,0.9997370839118958,1.0003193892771378e-05,0.9999899864196777,5.526719704107563e-08,0.9999999403953552,test,0.9932657956273196
cucumber_2,cucumber,left,slip,0,1,38,54,fill only if visible slip/instability occurs; recommended about 30 frames; delete or keep empty [] if no slip,51,051.png,0.8333333333333334,local_stable_slip_windows_1based_frames_v2,unknown,-0.01083613745868206,-0.036439914256334305,0.11363069713115692,0.11363069713115692,0.038016959715795905,0.11982163642909056,0.3345629844102007,0.9999994039535522,0.0893059466034174,0.013884756714105606,-0.09151220321655273,0.00017013173783198,0.999829888343811,3.554367594915675e-06,0.9999964237213135,9.956718116654883e-09,1.0,test,0.991859722319214
cucumber_2,cucumber,left,slip,0,1,38,54,fill only if visible slip/instability occurs; recommended about 30 frames; delete or keep empty [] if no slip,52,052.png,0.85,local_stable_slip_windows_1based_frames_v2,unknown,0.004727366380393505,0.009520305320620537,0.10440260916948318,0.10440260916948318,0.010629402913254841,0.10494231276128883,0.10181068449462932,0.9999992847442627,0.04544057231396437,0.04467295669019222,-0.07533366233110428,0.0004658875986933708,0.9995341300964355,1.1032618203898892e-05,0.9999889731407166,4.840446266030085e-08,0.9999999403953552,test,0.9928645322357044
cucumber_2,cucumber,left,slip,0,1,38,54,fill only if visible slip/instability occurs; recommended about 30 frames; delete or keep empty [] if no slip,53,053.png,0.8666666666666667,local_stable_slip_windows_1based_frames_v2,unknown,0.03825096786022186,0.019042328000068665,0.10025665163993835,0.10025665163993835,0.04272875844096017,0.10898230588475305,0.4261895001731605,0.9999995231628418,0.03189638303592801,0.05988100916147232,-0.04554225504398346,0.0005389967118389904,0.9994609951972961,5.214276097831316e-05,0.9999478459358215,8.399211992582423e-07,0.9999991655349731,test,0.993982978131686
cucumber_2,cucumber,left,slip,0,1,38,54,fill only if visible slip/instability occurs; recommended about 30 frames; delete or keep empty [] if no slip,54,054.png,0.8833333333333333,local_stable_slip_windows_1based_frames_v2,unknown,0.05942622572183609,0.03904099762439728,0.10370790958404541,0.10370790958404541,0.07110327558594476,0.12574182402583217,0.6856043118293792,0.9999996423721313,0.08966856449842453,0.07229182124137878,-0.025089234113693237,0.000373083254089579,0.9996269345283508,3.6466193705564365e-05,0.9999635219573975,4.796269195139757e-07,0.9999995231628418,test,0.995180420364558
cucumber_2,cucumber,right,slip,0,1,38,54,fill only if visible slip/instability occurs; recommended about 30 frames; delete or keep empty [] if no slip,38,038.png,0.6166666666666667,local_stable_slip_windows_1based_frames_v2,unknown,-0.06630958616733551,0.07856998592615128,0.27390867471694946,0.27390867471694946,0.10281149695495588,0.29256822450723274,0.37534817658849906,0.9479770064353943,0.0,0.0,0.0,0.008453648537397385,0.9915463328361511,0.01129233743995428,0.9887076616287231,0.005872170906513929,0.9941278100013733,test,0.9941179111303703
cucumber_2,cucumber,right,slip,0,1,38,54,fill only if visible slip/instability occurs; recommended about 30 frames; delete or keep empty [] if no slip,39,039.png,0.6333333333333333,local_stable_slip_windows_1based_frames_v2,unknown,-0.0931209996342659,0.06270134449005127,0.2781907916069031,0.2781907916069031,0.11226299111347886,0.2999884926270013,0.40354530399700395,0.9999985694885254,-0.02681141346693039,-0.015868641436100006,0.004282116889953613,0.006333328317850828,0.9936666488647461,0.009822781197726727,0.9901772141456604,0.005038312636315823,0.994961678981781,test,0.9955980579764219
cucumber_2,cucumber,right,slip,0,1,38,54,fill only if visible slip/instability occurs; recommended about 30 frames; delete or keep empty [] if no slip,40,040.png,0.65,local_stable_slip_windows_1based_frames_v2,unknown,-0.09095137566328049,0.07169625908136368,0.28784215450286865,0.28784215450286865,0.11581237542380864,0.31026700148446096,0.4023454218455435,0.9999990463256836,-0.024641789495944977,-0.006873726844787598,0.01393347978591919,0.008138731122016907,0.9918612837791443,0.011776383966207504,0.9882236123085022,0.006362838204950094,0.9936371445655823,test,0.9959422200155702
cucumber_2,cucumber,right,slip,0,1,38,54,fill only if visible slip/instability occurs; recommended about 30 frames; delete or keep empty [] if no slip,41,041.png,0.6666666666666666,local_stable_slip_windows_1based_frames_v2,unknown,-0.13346001505851746,0.12224277853965759,0.2858002185821533,0.2858002185821533,0.18098307248059273,0.33828484663981345,0.6332480784317206,0.9999997615814209,-0.06715042889118195,0.04367279261350632,0.011891543865203857,0.0010421982733532786,0.9989578127861023,0.0019667483866214752,0.9980332255363464,0.0005411934107542038,0.9994587898254395,test,0.9957112541219196
cucumber_2,cucumber,right,slip,0,1,38,54,fill only if visible slip/instability occurs; recommended about 30 frames; delete or keep empty [] if no slip,42,042.png,0.6833333333333333,local_stable_slip_windows_1based_frames_v2,unknown,-0.15956853330135345,0.15419653058052063,0.2912357449531555,0.2912357449531555,0.22189791991592572,0.3661378784029782,0.7619159455707325,0.9999997615814209,-0.09325894713401794,0.07562654465436935,0.017327070236206055,0.00034894622513093054,0.9996510744094849,0.0006293119513429701,0.9993706941604614,9.635824972065166e-05,0.9999036192893982,test,0.9956599678357695
cucumber_2,cucumber,right,slip,0,1,38,54,fill only if visible slip/instability occurs; recommended about 30 frames; delete or keep empty [] if no slip,43,043.png,0.7,local_stable_slip_windows_1based_frames_v2,unknown,-0.09550140798091888,0.1525098830461502,0.24355292320251465,0.24355292320251465,0.17994383388459947,0.3028164621574896,0.7388254375807222,0.9999997615814209,-0.029191821813583374,0.07393989711999893,-0.030355751514434814,0.00017282513726968318,0.9998271465301514,0.00014784297673031688,0.999852180480957,8.318323125422467e-06,0.9999916553497314,test,0.99407699795205
cucumber_2,cucumber,right,slip,0,1,38,54,fill only if visible slip/instability occurs; recommended about 30 frames; delete or keep empty [] if no slip,44,044.png,0.7166666666666667,local_stable_slip_windows_1based_frames_v2,unknown,-0.015352640300989151,0.15104112029075623,0.22109243273735046,0.22109243273735046,0.1518193781534434,0.26819952907605576,0.6866752045674659,0.9999997615814209,0.07776835933327675,0.08833977580070496,-0.05709835886955261,0.00016508054977748543,0.9998348951339722,4.0170736610889435e-05,0.9999598264694214,7.414436140606995e-07,0.9999992847442627,test,0.9938750306055084
cucumber_2,cucumber,right,slip,0,1,38,54,fill only if visible slip/instability occurs; recommended about 30 frames; delete or keep empty [] if no slip,45,045.png,0.7333333333333333,local_stable_slip_windows_1based_frames_v2,unknown,-0.0035222815349698067,0.15333154797554016,0.22505784034729004,0.22505784034729004,0.1533719989821707,0.27234904364358115,0.6814751144434102,0.9999997615814209,0.08742909412831068,0.08163528889417648,-0.06278431415557861,0.0001289448991883546,0.9998710751533508,2.073409268632531e-05,0.9999792575836182,2.4139529841704643e-07,0.9999997615814209,test,0.993662287769396
cucumber_2,cucumber,right,slip,0,1,38,54,fill only if visible slip/instability occurs; recommended about 30 frames; delete or keep empty [] if no slip,46,046.png,0.75,local_stable_slip_windows_1based_frames_v2,unknown,-0.02702755481004715,0.12879633903503418,0.200696662068367,0.200696662068367,0.1316016172690806,0.23999611628778886,0.6557207289452676,0.9999996423721313,0.1064324602484703,0.006553560495376587,-0.08510355651378632,8.530117338523269e-05,0.9999147057533264,5.086593773739878e-06,0.9999949336051941,2.222069106494473e-08,1.0,test,0.9921588114652808
cucumber_2,cucumber,right,slip,0,1,38,54,fill only if visible slip/instability occurs; recommended about 30 frames; delete or keep empty [] if no slip,47,047.png,0.7666666666666667,local_stable_slip_windows_1based_frames_v2,unknown,-0.04559667408466339,0.1296791136264801,0.21913723647594452,0.21913723647594452,0.1374617372163343,0.25868292871553505,0.6272832136778828,0.9999996423721313,0.11397185921669006,-0.024517416954040527,-0.072098508477211,0.00012029456411255524,0.9998797178268433,7.378698683169205e-06,0.9999926090240479,3.750981036887424e-08,0.9999999403953552,test,0.9930443048012507
cucumber_2,cucumber,right,slip,0,1,38,54,fill only if visible slip/instability occurs; recommended about 30 frames; delete or keep empty [] if no slip,48,048.png,0.7833333333333333,local_stable_slip_windows_1based_frames_v2,unknown,0.003077953588217497,0.108748659491539,0.18041615188121796,0.18041615188121796,0.10879220900183026,0.2106792172928422,0.6030036937588743,0.9999996423721313,0.09857936156913638,-0.043761223554611206,-0.06313677132129669,0.00016209973546210676,0.9998378753662109,8.179144060704857e-06,0.9999918341636658,4.0784989607800526e-08,0.9999999403953552,test,0.9932439850331255
cucumber_2,cucumber,right,slip,0,1,38,54,fill only if visible slip/instability occurs; recommended about 30 frames; delete or keep empty [] if no slip,49,049.png,0.8,local_stable_slip_windows_1based_frames_v2,unknown,-0.009914842434227467,0.0865221917629242,0.1498955339193344,0.1498955339193344,0.08708842499411609,0.17335819812434056,0.5809902518558702,0.9999994039535522,0.005437797866761684,-0.06451892852783203,-0.07119689881801605,0.0001532313908683136,0.9998467564582825,1.3674728506885003e-05,0.9999863505363464,1.1053422355189468e-07,0.9999998807907104,test,0.9913668926670616
cucumber_2,cucumber,right,slip,0,1,38,54,fill only if visible slip/instability occurs; recommended about 30 frames; delete or keep empty [] if no slip,50,050.png,0.8166666666666667,local_stable_slip_windows_1based_frames_v2,unknown,0.011753445491194725,0.08564688265323639,0.1301543116569519,0.1301543116569519,0.0864495921860348,0.1562487658576115,0.6642033358875779,0.9999992847442627,0.015275727026164532,-0.06768466532230377,-0.09490352869033813,5.855282870470546e-05,0.9999414682388306,2.804349833240849e-06,0.9999971985816956,9.250726407117327e-09,1.0,test,0.9892481380226656
cucumber_2,cucumber,right,slip,0,1,38,54,fill only if visible slip/instability occurs; recommended about 30 frames; delete or keep empty [] if no slip,51,051.png,0.8333333333333334,local_stable_slip_windows_1based_frames_v2,unknown,-0.006667983718216419,0.07186900824308395,0.11853238940238953,0.11853238940238953,0.07217767212033697,0.13877875806531262,0.6089227051064309,0.9999991655349731,0.02035957109183073,-0.056927330791950226,-0.08216427266597748,6.496661808341742e-05,0.9999350309371948,2.0339132333901944e-06,0.9999979734420776,4.804543873859757e-09,1.0,test,0.9905972196910452
cucumber_2,cucumber,right,slip,0,1,38,54,fill only if visible slip/instability occurs; recommended about 30 frames; delete or keep empty [] if no slip,52,052.png,0.85,local_stable_slip_windows_1based_frames_v2,unknown,0.07529029250144958,0.02914808690547943,0.12460469454526901,0.12460469454526901,0.08073561243468223,0.14847413585511454,0.6479287542139668,0.9999988079071045,0.12088696658611298,-0.10053102672100067,-0.0945325419306755,6.361487612593919e-05,0.9999364018440247,1.9040181769014453e-06,0.9999980926513672,4.35652669494857e-09,1.0,test,0.9908131191111903
cucumber_2,cucumber,right,slip,0,1,38,54,fill only if visible slip/instability occurs; recommended about 30 frames; delete or keep empty [] if no slip,53,053.png,0.8666666666666667,local_stable_slip_windows_1based_frames_v2,unknown,0.07915248721837997,0.020900381729006767,0.11760026961565018,0.11760026961565018,0.08186539066830381,0.1432890979905576,0.696126758970035,0.9999980926513672,0.07607453363016248,-0.08784827776253223,-0.06281588226556778,0.00010167976142838597,0.9998983144760132,5.4917663874221034e-06,0.9999945163726807,2.4235159656882388e-08,1.0,test,0.9924191660686761
cucumber_2,cucumber,right,slip,0,1,38,54,fill only if visible slip/instability occurs; recommended about 30 frames; delete or keep empty [] if no slip,54,054.png,0.8833333333333333,local_stable_slip_windows_1based_frames_v2,unknown,0.0770983174443245,0.020920000970363617,0.11366058140993118,0.11366058140993118,0.07988615019730169,0.13892632853346928,0.7028421495314655,0.9999967813491821,0.08701315987855196,-0.06560219079256058,-0.03623495250940323,0.0002838549262378365,0.9997161626815796,3.726651266333647e-05,0.9999627470970154,5.363136210689845e-07,0.999999463558197,test,0.9941459228251002
cucumber_3,cucumber,left,stable,0,0,80,110,fill a stable/contact-stable window; recommended about 30 frames,80,080.png,1.3166666666666667,local_stable_slip_windows_1based_frames_v2,unknown,-0.06827341020107269,-0.14365649223327637,0.523251473903656,0.523251473903656,0.1590548531207185,0.5468917180243286,0.30397343740032556,0.006816399283707142,0.18440558016300201,0.20569172501564026,0.05022329092025757,0.40195584297180176,0.5980441570281982,0.0028922006022185087,0.9971078038215637,7.443283539032564e-05,0.9999255537986755,test,0.5151256836181728
cucumber_3,cucumber,left,stable,0,0,80,110,fill a stable/contact-stable window; recommended about 30 frames,81,081.png,1.3333333333333333,local_stable_slip_windows_1based_frames_v2,unknown,-0.08265398442745209,-0.15835556387901306,0.526789128780365,0.526789128780365,0.17862856925243978,0.5562507995089532,0.3390886797100853,0.0052960896864533424,0.17002500593662262,0.19099265336990356,0.05376094579696655,0.3275631070137024,0.6724368929862976,0.0015722652897238731,0.9984277486801147,2.832328391377814e-05,0.9999716877937317,test,0.5440289219576991
cucumber_3,cucumber,left,stable,0,0,80,110,fill a stable/contact-stable window; recommended about 30 frames,82,082.png,1.35,local_stable_slip_windows_1based_frames_v2,unknown,-0.06643928587436676,-0.16005130112171173,0.5078120231628418,0.5078120231628418,0.17329338619303586,0.5365665369429846,0.34125431662563993,0.009551889263093472,0.18623970448970795,0.1892969161272049,0.03478384017944336,0.24497389793395996,0.75502610206604,0.0007352399406954646,0.9992647767066956,8.270877515315078e-06,0.9999917149543762,test,0.5510698313230684
cucumber_3,cucumber,left,stable,0,0,80,110,fill a stable/contact-stable window; recommended about 30 frames,83,083.png,1.3666666666666667,local_stable_slip_windows_1based_frames_v2,unknown,-0.06421484798192978,-0.16392917931079865,0.5191152095794678,0.5191152095794678,0.17605772499624753,0.5481577540704766,0.3391489646198307,0.005859680473804474,0.18846414238214493,0.18541903793811798,0.046087026596069336,0.3026683032512665,0.6973316669464111,0.0011715658474713564,0.9988284111022949,1.7186603145091794e-05,0.9999828338623047,test,0.5456032500172769
cucumber_3,cucumber,left,stable,0,0,80,110,fill a stable/contact-stable window; recommended about 30 frames,84,084.png,1.3833333333333333,local_stable_slip_windows_1based_frames_v2,unknown,-0.06407677382230759,-0.15553751587867737,0.5182508230209351,0.5182508230209351,0.16821935616683645,0.5448684862891793,0.3245899940810071,0.012591546401381493,0.18860221654176712,0.19381070137023926,0.04522264003753662,0.3213561773300171,0.6786438226699829,0.0014051254838705063,0.9985948801040649,2.3099742975318804e-05,0.9999768733978271,test,0.5477134499975591
cucumber_3,cucumber,left,stable,0,0,80,110,fill a stable/contact-stable window; recommended about 30 frames,85,085.png,1.4,local_stable_slip_windows_1based_frames_v2,unknown,-0.07467655092477798,-0.15252260863780975,0.5203152894973755,0.5203152894973755,0.16982265279904044,0.5473278120911097,0.3263835021638257,0.005439050029963255,-0.006403140723705292,-0.008866116404533386,-0.0029361844062805176,0.029348233714699745,0.9706517457962036,5.593776222667657e-05,0.9999440908432007,1.9303632825540262e-07,0.9999998211860657,test,0.4525025682126981
cucumber_3,cucumber,left,stable,0,0,80,110,fill a stable/contact-stable window; recommended about 30 frames,86,086.png,1.4166666666666667,local_stable_slip_windows_1based_frames_v2,unknown,-0.06651628017425537,-0.13483434915542603,0.5252857804298401,0.5252857804298401,0.15034865227326574,0.546378868883281,0.28622203694187015,0.0038429691921919584,0.016137704253196716,0.023521214723587036,-0.0015033483505249023,0.04464542865753174,0.9553545713424683,8.091507334029302e-05,0.999919056892395,3.128854189071717e-07,0.9999997019767761,test,0.4664260189181462
cucumber_3,cucumber,left,stable,0,0,80,110,fill a stable/contact-stable window; recommended about 30 frames,87,087.png,1.4333333333333333,local_stable_slip_windows_1based_frames_v2,unknown,-0.06428796052932739,-0.17623001337051392,0.5189172029495239,0.5189172029495239,0.1875898704130686,0.5517834928652263,0.36150181155105054,0.0072868214920163155,0.0021513253450393677,-0.016178712248802185,0.011105179786682129,0.04051731154322624,0.9594826698303223,9.114428394241259e-05,0.9999088644981384,4.1517517956890515e-07,0.9999995827674866,test,0.4783958852434711
cucumber_3,cucumber,left,stable,0,0,80,110,fill a stable/contact-stable window; recommended about 30 frames,88,088.png,1.45,local_stable_slip_windows_1based_frames_v2,unknown,-0.06597903370857239,-0.14140775799751282,0.5277770161628723,0.5277770161628723,0.15604290086703745,0.5503616680881626,0.295660099678882,0.014152181334793568,-0.0017641857266426086,0.022521421313285828,0.008661806583404541,0.048671361058950424,0.9513286352157593,0.00010872010898310691,0.9998912811279297,5.231839281805151e-07,0.999999463558197,test,0.49322856244050717
cucumber_3,cucumber,left,stable,0,0,80,110,fill a stable/contact-stable window; recommended about 30 frames,89,089.png,1.4666666666666666,local_stable_slip_windows_1based_frames_v2,unknown,-0.05176135152578354,-0.15962210297584534,0.5169015526771545,0.5169015526771545,0.16780480705333536,0.5434571449804118,0.3246352841250958,0.012585240416228771,0.012315422296524048,-0.004084587097167969,-0.0013492703437805176,0.035246845334768295,0.9647531509399414,6.34096868452616e-05,0.999936580657959,2.215203664945875e-07,0.9999997615814209,test,0.4718083463556919
cucumber_3,cucumber,left,stable,0,0,80,110,fill a stable/contact-stable window; recommended about 30 frames,90,090.png,1.4833333333333334,local_stable_slip_windows_1based_frames_v2,unknown,-0.06872818619012833,-0.13879719376564026,0.5234923958778381,0.5234923958778381,0.15488132416208752,0.545923541456238,0.2958610851286278,0.006739069242030382,0.005948364734649658,0.013725414872169495,0.0031771063804626465,0.0415237620472908,0.9584762454032898,7.768938667140901e-05,0.9999223351478577,3.050373038604448e-07,0.9999997019767761,test,0.4748951775476736
cucumber_3,cucumber,left,stable,0,0,80,110,fill a stable/contact-stable window; recommended about 30 frames,91,091.png,1.5,local_stable_slip_windows_1based_frames_v2,unknown,-0.05965987592935562,-0.13680002093315125,0.5317114591598511,0.5317114591598511,0.14924324615612167,0.5522595606461826,0.28068412463371295,0.025681229308247566,0.00685640424489975,-0.0019656717777252197,0.006425678730010986,0.05489316210150719,0.9451068639755249,0.0001243352162418887,0.9998756647109985,6.349989121190447e-07,0.9999993443489075,test,0.5040216407559737
cucumber_3,cucumber,left,stable,0,0,80,110,fill a stable/contact-stable window; recommended about 30 frames,92,092.png,1.5166666666666666,local_stable_slip_windows_1based_frames_v2,unknown,-0.051594335585832596,-0.19924405217170715,0.5290892720222473,0.5290892720222473,0.2058158589378998,0.5677108644013932,0.3889995144897421,0.04374389350414276,0.012693624943494797,-0.023014038801193237,0.010172069072723389,0.02875804342329502,0.9712419509887695,5.86132773605641e-05,0.9999414086341858,2.1081898182728764e-07,0.9999997615814209,test,0.536213226212137
cucumber_3,cucumber,left,stable,0,0,80,110,fill a stable/contact-stable window; recommended about 30 frames,93,093.png,1.5333333333333334,local_stable_slip_windows_1based_frames_v2,unknown,-0.05573776364326477,-0.15237073600292206,0.5332338213920593,0.5332338213920593,0.162245306514625,0.5573704762206223,0.3042661506821112,0.0035532484762370586,0.010241270065307617,-0.01096297800540924,0.005456805229187012,0.038310457020998,0.9616895318031311,6.506458157673478e-05,0.9999349117279053,2.248140305027846e-07,0.9999997615814209,test,0.47485205637308237
cucumber_3,cucumber,left,stable,0,0,80,110,fill a stable/contact-stable window; recommended about 30 frames,94,094.png,1.55,local_stable_slip_windows_1based_frames_v2,unknown,-0.05378764867782593,-0.15219110250473022,0.5331284403800964,0.5331284403800964,0.16141636482059224,0.5570288832493415,0.3027714333417976,0.005783735308796167,-0.002026297152042389,0.007431000471115112,0.016226887702941895,0.06703417748212814,0.9329658150672913,0.00018113186524715275,0.9998188614845276,1.1810483329099952e-06,0.9999988079071045,test,0.48633239369203307
cucumber_3,cucumber,left,stable,0,0,80,110,fill a stable/contact-stable window; recommended about 30 frames,95,095.png,1.5666666666666667,local_stable_slip_windows_1based_frames_v2,unknown,-0.051634714007377625,-0.13699616491794586,0.5181965827941895,0.5181965827941895,0.14640386911843792,0.5384810036690467,0.2825251872635318,0.24068839848041534,0.017093472182750702,0.001801028847694397,-0.005295813083648682,0.025358304381370544,0.9746416807174683,6.351625052047893e-05,0.9999364614486694,2.586900507139944e-07,0.9999997615814209,test,0.7737734032129688
cucumber_3,cucumber,left,stable,0,0,80,110,fill a stable/contact-stable window; recommended about 30 frames,96,096.png,1.5833333333333333,local_stable_slip_windows_1based_frames_v2,unknown,-0.04873350262641907,-0.16213864088058472,0.5222951173782349,0.5222951173782349,0.1693041439092452,0.5490501641762677,0.32415355633715925,0.0021298087667673826,0.010926373302936554,-0.02533861994743347,-0.009416341781616211,0.02610435150563717,0.9738956689834595,3.8473863241961226e-05,0.9999615550041199,1.0079989465339168e-07,0.9999998807907104,test,0.4402678059383323
cucumber_3,cucumber,left,stable,0,0,80,110,fill a stable/contact-stable window; recommended about 30 frames,97,097.png,1.6,local_stable_slip_windows_1based_frames_v2,unknown,-0.04621094837784767,-0.14721500873565674,0.5297995209693909,0.5297995209693909,0.1542974742081658,0.5518108760856527,0.2912369242782989,0.02919580414891243,0.005383387207984924,0.052029043436050415,0.0007102489471435547,0.0405573695898056,0.9594426155090332,8.066392911132425e-05,0.9999193549156189,3.2115349313244224e-07,0.9999997019767761,test,0.5104525108430883
cucumber_3,cucumber,left,stable,0,0,80,110,fill a stable/contact-stable window; recommended about 30 frames,98,098.png,1.6166666666666667,local_stable_slip_windows_1based_frames_v2,unknown,-0.060619279742240906,-0.1683606058359146,0.5233017206192017,0.5233017206192017,0.1789413051084189,0.5530503426243594,0.3419460630678268,0.020749015733599663,-0.004881516098976135,-0.015989869832992554,-0.009932100772857666,0.01897328346967697,0.9810267090797424,2.8776952603948303e-05,0.9999712109565735,6.849025169231027e-08,0.9999999403953552,test,0.46239546594551767
cucumber_3,cucumber,left,stable,0,0,80,110,fill a stable/contact-stable window; recommended about 30 frames,99,099.png,1.6333333333333333,local_stable_slip_windows_1based_frames_v2,unknown,-0.0558321587741375,-0.13576416671276093,0.5283880233764648,0.5283880233764648,0.1467962496680036,0.5484004396098515,0.2778185071483112,0.010159351862967014,-0.002044510096311569,0.0164269357919693,-0.004740417003631592,0.04260161146521568,0.9573984146118164,8.89019574970007e-05,0.9999110698699951,3.805969015502342e-07,0.9999996423721313,test,0.4621909949899042
cucumber_3,cucumber,left,stable,0,0,80,110,fill a stable/contact-stable window; recommended about 30 frames,100,100.png,1.65,local_stable_slip_windows_1based_frames_v2,unknown,-0.06469345092773438,-0.1417236179113388,0.5196691751480103,0.5196691751480103,0.1557909704277444,0.5425190117091121,0.2997881692621145,0.003888238687068224,-0.01305873692035675,-0.004727452993392944,0.0014725923538208008,0.035072922706604004,0.964927077293396,6.640518404310569e-05,0.9999336004257202,2.42556296825569e-07,0.9999997615814209,test,0.4579725264021255
cucumber_3,cucumber,left,stable,0,0,80,110,fill a stable/contact-stable window; recommended about 30 frames,101,101.png,1.6666666666666667,local_stable_slip_windows_1based_frames_v2,unknown,-0.05962137132883072,-0.13396620750427246,0.5188978910446167,0.5188978910446167,0.14663441844331127,0.5392185772047908,0.28258765045366635,0.010726364329457283,-0.010887868702411652,0.028172433376312256,-0.003397226333618164,0.04207490757107735,0.9579250812530518,9.02321917237714e-05,0.9999097585678101,3.9992249867282226e-07,0.9999995827674866,test,0.46242216860145463
cucumber_3,cucumber,left,stable,0,0,80,110,fill a stable/contact-stable window; recommended about 30 frames,102,102.png,1.6833333333333333,local_stable_slip_windows_1based_frames_v2,unknown,-0.03868205100297928,-0.12857773900032043,0.5209093689918518,0.5209093689918518,0.1342703840622779,0.5379359689960515,0.25776101236406407,0.03722433000802994,0.007528897374868393,0.018637269735336304,-0.008890151977539062,0.041257403790950775,0.958742618560791,8.418488141614944e-05,0.9999158382415771,3.4861378139794397e-07,0.9999996423721313,test,0.4984794418061159
cucumber_3,cucumber,left,stable,0,0,80,110,fill a stable/contact-stable window; recommended about 30 frames,103,103.png,1.7,local_stable_slip_windows_1based_frames_v2,unknown,-0.05061863362789154,-0.14947092533111572,0.5176625847816467,0.5176625847816467,0.1578093900555182,0.5411823678507184,0.3048493166118359,0.00719741266220808,0.010000646114349365,0.01888968050479889,-0.005639135837554932,0.038266293704509735,0.9617336988449097,7.651353371329606e-05,0.9999234676361084,3.0630801006736874e-07,0.9999997019767761,test,0.4586550273240074
cucumber_3,cucumber,left,stable,0,0,80,110,fill a stable/contact-stable window; recommended about 30 frames,104,104.png,1.7166666666666666,local_stable_slip_windows_1based_frames_v2,unknown,-0.06498879194259644,-0.13014532625675201,0.5332837104797363,0.5332837104797363,0.1454694092399997,0.5527683645865326,0.27278001109226857,0.0028131529688835144,-0.009156633168458939,0.005618840456008911,0.004895687103271484,0.04956447705626488,0.9504355192184448,0.0001128785006585531,0.9998871088027954,5.516077408174169e-07,0.999999463558197,test,0.46570780299671316
cucumber_3,cucumber,left,stable,0,0,80,110,fill a stable/contact-stable window; recommended about 30 frames,105,105.png,1.7333333333333334,local_stable_slip_windows_1based_frames_v2,unknown,-0.05812143534421921,-0.17266635596752167,0.5369693040847778,0.5369693040847778,0.18218609093335078,0.5670342187724351,0.33928522591928456,0.007138495799154043,0.006572015583515167,-0.03094273805618286,0.017300128936767578,0.04949551820755005,0.95050448179245,0.00011785670358221978,0.999882161617279,6.032236115061096e-07,0.9999994039535522,test,0.49211699840250567
cucumber_3,cucumber,left,stable,0,0,80,110,fill a stable/contact-stable window; recommended about 30 frames,106,106.png,1.75,local_stable_slip_windows_1based_frames_v2,unknown,-0.04684164375066757,-0.17886389791965485,0.523861825466156,0.523861825466156,0.1848957370202925,0.5555336585203551,0.35294685561199,0.005104077979922295,0.012779727578163147,-0.044897690415382385,0.004963934421539307,0.03743891045451164,0.9625610709190369,7.96891181380488e-05,0.9999203085899353,3.358233868766547e-07,0.9999996423721313,test,0.46465022608838075
cucumber_3,cucumber,left,stable,0,0,80,110,fill a stable/contact-stable window; recommended about 30 frames,107,107.png,1.7666666666666666,local_stable_slip_windows_1based_frames_v2,unknown,-0.058676641434431076,-0.13437163829803467,0.5184717178344727,0.5184717178344727,0.1466243002674613,0.5388057234506253,0.2828004159599242,0.0011707720113918185,-0.019994590431451797,-0.005793899297714233,-0.0024376511573791504,0.047819819301366806,0.9521802067756653,0.0001314477703999728,0.9998685717582703,7.62336583193246e-07,0.9999992251396179,test,0.43848702354538
cucumber_3,cucumber,left,stable,0,0,80,110,fill a stable/contact-stable window; recommended about 30 frames,108,108.png,1.7833333333333334,local_stable_slip_windows_1based_frames_v2,unknown,-0.04468951001763344,-0.16755780577659607,0.5234092473983765,0.5234092473983765,0.1734150240961943,0.5513891646055611,0.3313175944837877,0.015468069352209568,0.005929123610258102,-0.018086880445480347,0.005746662616729736,0.037491925060749054,0.9625080823898315,8.206788334064186e-05,0.9999179244041443,3.490392259664077e-07,0.9999996423721313,test,0.4854956716067684
cucumber_3,cucumber,left,stable,0,0,80,110,fill a stable/contact-stable window; recommended about 30 frames,109,109.png,1.8,local_stable_slip_windows_1based_frames_v2,unknown,-0.05525536090135574,-0.1636466383934021,0.5430927276611328,0.5430927276611328,0.17272341232676008,0.5698974363902766,0.31803610229601487,0.19310294091701508,0.009733431041240692,-0.033501312136650085,0.009809017181396484,0.023499848321080208,0.9765001535415649,5.538900222745724e-05,0.9999446272850037,2.0308651471623307e-07,0.9999998211860657,test,0.7408736285993256
cucumber_3,cucumber,left,stable,0,0,80,110,fill a stable/contact-stable window; recommended about 30 frames,110,110.png,1.8166666666666667,local_stable_slip_windows_1based_frames_v2,unknown,-0.04924456775188446,-0.14343255758285522,0.5341944694519043,0.5341944694519043,0.1516506710431214,0.5553032119669672,0.2838861048348429,0.02207290753722191,0.008876867592334747,0.029233798384666443,-0.002774834632873535,0.04198043793439865,0.9580195546150208,8.246074139606208e-05,0.9999175667762756,3.314538616905338e-07,0.9999996423721313,test,0.49099026314454086
cucumber_3,cucumber,left,slip,0,1,40,64,fill only if visible slip/instability occurs; recommended about 30 frames; delete or keep empty [] if no slip,40,040.png,0.65,local_stable_slip_windows_1based_frames_v2,unknown,-0.23840731382369995,-0.1642320454120636,0.508831262588501,0.508831262588501,0.28949993441253535,0.5854224678061736,0.5689496435226191,0.9999995231628418,0.0,0.0,0.0,0.0004962345701642334,0.9995037913322449,2.9781976991216652e-05,0.9999701976776123,2.9396593959063466e-07,0.9999997019767761,test,0.9961902509409135
cucumber_3,cucumber,left,slip,0,1,40,64,fill only if visible slip/instability occurs; recommended about 30 frames; delete or keep empty [] if no slip,41,041.png,0.6666666666666666,local_stable_slip_windows_1based_frames_v2,unknown,-0.21455693244934082,-0.15510310232639313,0.4982159435749054,0.4982159435749054,0.2647482759402648,0.5641903721666791,0.5313915541301953,0.9999990463256836,0.02385038137435913,0.009128943085670471,-0.010615319013595581,0.0006450591026805341,0.9993549585342407,3.930853199562989e-05,0.999960720539093,4.4559044454217656e-07,0.9999995827674866,test,0.9960648407567049
cucumber_3,cucumber,left,slip,0,1,40,64,fill only if visible slip/instability occurs; recommended about 30 frames; delete or keep empty [] if no slip,42,042.png,0.6833333333333333,local_stable_slip_windows_1based_frames_v2,unknown,-0.1761455088853836,-0.13002341985702515,0.5015776753425598,0.5015776753425598,0.21893681739672521,0.5472782604981248,0.4364954655362878,0.9999905824661255,0.062261804938316345,0.03420862555503845,-0.007253587245941162,0.001647107768803835,0.9983528852462769,7.59217728045769e-05,0.9999240636825562,1.0309680646969355e-06,0.9999989867210388,test,0.9966320190436306
cucumber_3,cucumber,left,slip,0,1,40,64,fill only if visible slip/instability occurs; recommended about 30 frames; delete or keep empty [] if no slip,43,043.png,0.7,local_stable_slip_windows_1based_frames_v2,unknown,-0.11322619020938873,-0.08048287779092789,0.46357500553131104,0.46357500553131104,0.13891603135290798,0.48394157655671327,0.2996618239412421,0.9887182712554932,0.12518112361431122,0.08374916762113571,-0.04525625705718994,0.0033666924573481083,0.9966332912445068,9.784379653865471e-05,0.9999021291732788,1.2868393923781696e-06,0.9999986886978149,test,0.9958028897671864
cucumber_3,cucumber,left,slip,0,1,40,64,fill only if visible slip/instability occurs; recommended about 30 frames; delete or keep empty [] if no slip,44,044.png,0.7166666666666667,local_stable_slip_windows_1based_frames_v2,unknown,-0.06640972197055817,0.15684598684310913,0.510414719581604,0.510414719581604,0.17032590748619425,0.5380837302191575,0.33370035630135597,0.7850508093833923,0.17199759185314178,0.32107803225517273,0.0015834569931030273,0.02111390046775341,0.9788861274719238,0.0002570495707914233,0.9997429251670837,3.657927891254076e-06,0.9999963641166687,test,0.9926934946953107
cucumber_3,cucumber,left,slip,0,1,40,64,fill only if visible slip/instability occurs; recommended about 30 frames; delete or keep empty [] if no slip,45,045.png,0.7333333333333333,local_stable_slip_windows_1based_frames_v2,unknown,-0.03472566232085228,0.1413174718618393,0.48576030135154724,0.48576030135154724,0.1455214742814393,0.5070893115085247,0.29957403744709765,0.005786812864243984,0.20368165150284767,0.3055495172739029,-0.023070961236953735,0.09478195756673813,0.9052180647850037,0.0002351465809624642,0.9997648596763611,1.5765538137202384e-06,0.9999984502792358,test,0.5179158264370423
cucumber_3,cucumber,left,slip,0,1,40,64,fill only if visible slip/instability occurs; recommended about 30 frames; delete or keep empty [] if no slip,46,046.png,0.75,local_stable_slip_windows_1based_frames_v2,unknown,-0.05048818141222,0.17658746242523193,0.5149877667427063,0.5149877667427063,0.1836632471347927,0.5467582539319694,0.3566354433252187,0.0006149020045995712,0.16406875103712082,0.33169056475162506,0.016771823167800903,0.13963764905929565,0.8603623509407043,0.0005970326019451022,0.9994029402732849,7.824613931006752e-06,0.9999921917915344,test,0.5616019091439773
cucumber_3,cucumber,left,slip,0,1,40,64,fill only if visible slip/instability occurs; recommended about 30 frames; delete or keep empty [] if no slip,47,047.png,0.7666666666666667,local_stable_slip_windows_1based_frames_v2,unknown,-0.014366584829986095,0.12287496030330658,0.40212780237197876,0.40212780237197876,0.12371198256117454,0.4207272561526452,0.307642680234424,0.00034491170663386583,0.1617789240553975,0.2528983801603317,-0.09944987297058105,0.007583859842270613,0.9924161434173584,2.6334257654525572e-06,0.9999973773956299,1.2981914432330655e-09,1.0,test,0.3489792606385352
cucumber_3,cucumber,left,slip,0,1,40,64,fill only if visible slip/instability occurs; recommended about 30 frames; delete or keep empty [] if no slip,48,048.png,0.7833333333333333,local_stable_slip_windows_1based_frames_v2,unknown,-0.004891174845397472,0.07311367988586426,0.3452974557876587,0.3452974557876587,0.07327710268440532,0.3529870631499843,0.2122138151972133,0.0028548857662826777,0.10833501536399126,0.15359655767679214,-0.11827754974365234,0.006446542218327522,0.9935534596443176,3.0381668238987913e-06,0.9999969601631165,1.8028316617346718e-09,1.0,test,0.28298749170026943
cucumber_3,cucumber,left,slip,0,1,40,64,fill only if visible slip/instability occurs; recommended about 30 frames; delete or keep empty [] if no slip,49,049.png,0.8,local_stable_slip_windows_1based_frames_v2,unknown,0.00711826141923666,0.030675489455461502,0.35289841890335083,0.35289841890335083,0.031490558886191955,0.35430064826845803,0.0892338077065985,0.00010845048382179812,0.07352798338979483,-0.12617049738764763,-0.15751630067825317,0.003131731878966093,0.9968682527542114,1.0909316188190132e-06,0.999998927116394,3.9343206470476844e-10,1.0,test,0.18491297700437673
cucumber_3,cucumber,left,slip,0,1,40,64,fill only if visible slip/instability occurs; recommended about 30 frames; delete or keep empty [] if no slip,50,050.png,0.8166666666666667,local_stable_slip_windows_1based_frames_v2,unknown,-0.024899519979953766,-0.0400330051779747,0.41216638684272766,0.41216638684272766,0.047144751551067336,0.4148538996343181,0.11438253742539933,0.08577577769756317,0.009826142340898514,-0.181350477039814,-0.07359391450881958,0.013004646636545658,0.9869953393936157,3.683380055008456e-05,0.9999631643295288,1.1650671893903564e-07,0.9999998807907104,test,0.4050103646841685
cucumber_3,cucumber,left,slip,0,1,40,64,fill only if visible slip/instability occurs; recommended about 30 frames; delete or keep empty [] if no slip,51,051.png,0.8333333333333334,local_stable_slip_windows_1based_frames_v2,unknown,-0.04768411070108414,-0.11130490899085999,0.400068461894989,0.400068461894989,0.12108904648570352,0.41799202310790473,0.3026700561251216,0.03322642296552658,0.0028040707111358643,-0.2878923714160919,-0.11491930484771729,0.0010118531063199043,0.998988151550293,6.312078539849608e-07,0.9999993443489075,2.2843792135684993e-10,1.0,test,0.2336167871643068
cucumber_3,cucumber,left,slip,0,1,40,64,fill only if visible slip/instability occurs; recommended about 30 frames; delete or keep empty [] if no slip,52,052.png,0.85,local_stable_slip_windows_1based_frames_v2,unknown,-0.08237437903881073,-0.1858469843864441,0.40522027015686035,0.40522027015686035,0.20328462786832863,0.4533520787131826,0.5016632710065727,0.16921629011631012,-0.06800779420882463,-0.30872194468975067,0.003092467784881592,0.0034955351147800684,0.9965044856071472,2.8801992812077515e-05,0.9999712109565735,1.2418692563187506e-07,0.9999998807907104,test,0.6013456220057678
cucumber_3,cucumber,left,slip,0,1,40,64,fill only if visible slip/instability occurs; recommended about 30 frames; delete or keep empty [] if no slip,53,053.png,0.8666666666666667,local_stable_slip_windows_1based_frames_v2,unknown,-0.08099327236413956,-0.24190175533294678,0.3782380521297455,0.3782380521297455,0.2551007044314314,0.4562240606109202,0.6744430618547698,0.031101901084184647,-0.07610209751874208,-0.31501543521881104,0.03294059634208679,0.0038259755820035934,0.9961740374565125,3.389304401935078e-05,0.9999660849571228,1.690937097009737e-07,0.9999998211860657,test,0.44040533726913667
cucumber_3,cucumber,left,slip,0,1,40,64,fill only if visible slip/instability occurs; recommended about 30 frames; delete or keep empty [] if no slip,54,054.png,0.8833333333333333,local_stable_slip_windows_1based_frames_v2,unknown,-0.13161498308181763,-0.24430343508720398,0.38745003938674927,0.38745003938674927,0.2775007606602815,0.47657549788866443,0.7162214898158613,0.6178561449050903,-0.1387332445010543,-0.2749789245426655,0.03455162048339844,0.0005742110079154372,0.9994257688522339,2.1131578250788152e-05,0.9999788403511047,1.469089170313964e-07,0.9999998807907104,test,0.9569652806956062
cucumber_3,cucumber,left,slip,0,1,40,64,fill only if visible slip/instability occurs; recommended about 30 frames; delete or keep empty [] if no slip,55,055.png,0.9,local_stable_slip_windows_1based_frames_v2,unknown,-0.15466159582138062,-0.31591784954071045,0.42089220881462097,0.42089220881462097,0.3517446472662279,0.5485203262608356,0.8357099613387942,0.9952119588851929,-0.12976207584142685,-0.27588484436273575,0.00872582197189331,4.45748919446487e-05,0.999955415725708,1.5438739637829713e-06,0.9999984502792358,3.759258682123345e-09,1.0,test,0.9935865919570686
cucumber_3,cucumber,left,slip,0,1,40,64,fill only if visible slip/instability occurs; recommended about 30 frames; delete or keep empty [] if no slip,56,056.png,0.9166666666666666,local_stable_slip_windows_1based_frames_v2,unknown,-0.23333510756492615,-0.34446901082992554,0.4531092941761017,0.4531092941761017,0.41605789482292366,0.6151521798004523,0.9182265337393161,0.9999833106994629,-0.185650996863842,-0.23316410183906555,0.05304083228111267,4.5872657210566103e-05,0.999954104423523,2.893374585255515e-06,0.999997079372406,1.12336318025541e-08,1.0,test,0.9953050892966789
cucumber_3,cucumber,left,slip,0,1,40,64,fill only if visible slip/instability occurs; recommended about 30 frames; delete or keep empty [] if no slip,57,057.png,0.9333333333333333,local_stable_slip_windows_1based_frames_v2,unknown,-0.2665655016899109,-0.3620540201663971,0.4705922305583954,0.4705922305583954,0.4496001336853046,0.6508435508413445,0.9553901426754889,0.9999871253967285,-0.18419112265110016,-0.176207035779953,0.06537196040153503,5.036359652876854e-05,0.9999496340751648,3.2561831631028326e-06,0.9999967217445374,1.3373157692342375e-08,1.0,test,0.9958820764248215
cucumber_3,cucumber,left,slip,0,1,40,64,fill only if visible slip/instability occurs; recommended about 30 frames; delete or keep empty [] if no slip,58,058.png,0.95,local_stable_slip_windows_1based_frames_v2,unknown,-0.256065309047699,-0.3943154215812683,0.48764508962631226,0.48764508962631226,0.47016390141577963,0.6773860255653058,0.9641498443596065,0.9999823570251465,-0.17507203668355942,-0.15241366624832153,0.10940703749656677,0.00010006171942222863,0.9998999238014221,7.861376616347115e-06,0.9999921321868896,4.894469540772661e-08,0.9999999403953552,test,0.9972667545467981
cucumber_3,cucumber,left,slip,0,1,40,64,fill only if visible slip/instability occurs; recommended about 30 frames; delete or keep empty [] if no slip,59,059.png,0.9666666666666667,local_stable_slip_windows_1based_frames_v2,unknown,-0.22020268440246582,-0.36462241411209106,0.46450480818748474,0.46450480818748474,0.42595625020767236,0.6302407824952883,0.917009524315242,0.9980469942092896,-0.0885877013206482,-0.12031897902488708,0.07705476880073547,0.00011076748342020437,0.9998892545700073,5.142774170963094e-06,0.9999948740005493,2.2202261362735953e-08,1.0,test,0.9969675330945411
cucumber_3,cucumber,left,slip,0,1,40,64,fill only if visible slip/instability occurs; recommended about 30 frames; delete or keep empty [] if no slip,60,060.png,0.9833333333333333,local_stable_slip_windows_1based_frames_v2,unknown,-0.22301597893238068,-0.3720335364341736,0.4809228181838989,0.4809228181838989,0.4337569354960052,0.6476355735603389,0.9019244194101077,0.971828043460846,-0.06835438311100006,-0.056115686893463135,0.060030609369277954,9.751312609296292e-05,0.9999024868011475,2.545213874327601e-06,0.9999974370002747,6.620925585565374e-09,1.0,test,0.9962586123871351
cucumber_3,cucumber,left,slip,0,1,40,64,fill only if visible slip/instability occurs; recommended about 30 frames; delete or keep empty [] if no slip,61,061.png,1.0,local_stable_slip_windows_1based_frames_v2,unknown,-0.2603484094142914,-0.38459688425064087,0.4931453466415405,0.4931453466415405,0.46443089653882025,0.6774130132895717,0.9417709361566192,0.9518756866455078,-0.027013301849365234,-0.04012787342071533,0.04003605246543884,5.509605034603737e-05,0.9999449253082275,6.470453399742837e-07,0.9999993443489075,7.325254292034344e-10,1.0,test,0.9953001661461119
cucumber_3,cucumber,left,slip,0,1,40,64,fill only if visible slip/instability occurs; recommended about 30 frames; delete or keep empty [] if no slip,62,062.png,1.0166666666666666,local_stable_slip_windows_1based_frames_v2,unknown,-0.273111492395401,-0.3819057047367096,0.5016191601753235,0.5016191601753235,0.4695123582919687,0.6870688731443761,0.9359918032956795,0.9662715196609497,-0.006545990705490112,-0.0198516845703125,0.0310269296169281,5.6348239013459533e-05,0.9999436736106873,5.784908125860966e-07,0.9999994039535522,5.956661830452958e-10,1.0,test,0.9955661431094164
cucumber_3,cucumber,left,slip,0,1,40,64,fill only if visible slip/instability occurs; recommended about 30 frames; delete or keep empty [] if no slip,63,063.png,1.0333333333333334,local_stable_slip_windows_1based_frames_v2,unknown,-0.2891558110713959,-0.3668574094772339,0.5099384188652039,0.5099384188652039,0.4671139496575794,0.6915436595034674,0.9160185158799327,0.931490421295166,-0.0330905020236969,0.027458012104034424,0.0222933292388916,5.4485572036355734e-05,0.9999455213546753,4.85407440464769e-07,0.9999995231628418,4.3957204542977024e-10,1.0,test,0.9941594627457213
cucumber_3,cucumber,left,slip,0,1,40,64,fill only if visible slip/instability occurs; recommended about 30 frames; delete or keep empty [] if no slip,64,064.png,1.05,local_stable_slip_windows_1based_frames_v2,unknown,-0.2526789903640747,-0.3493482172489166,0.47302818298339844,0.47302818298339844,0.4311506106529416,0.6400363356583593,0.9114672543746067,0.903366208076477,-0.03247630596160889,0.015274196863174438,0.008523374795913696,6.682444654870778e-05,0.9999331831932068,6.128346399236761e-07,0.9999994039535522,6.365396543195345e-10,1.0,test,0.9921660619963026
cucumber_3,cucumber,right,stable,0,0,80,110,fill a stable/contact-stable window; recommended about 30 frames,80,080.png,1.3166666666666667,local_stable_slip_windows_1based_frames_v2,unknown,-0.02656198851764202,-0.00803545955568552,0.6889031529426575,0.6889031529426575,0.027750817002070487,0.6894618640495042,0.0402825514747338,0.019526401534676552,0.004402944818139076,0.006552424281835556,-0.024946868419647217,0.415863037109375,0.584136962890625,0.002583493012934923,0.9974164962768555,5.457808947539888e-05,0.9999454021453857,test,0.32211245811414707
cucumber_3,cucumber,right,stable,0,0,80,110,fill a stable/contact-stable window; recommended about 30 frames,81,081.png,1.3333333333333333,local_stable_slip_windows_1based_frames_v2,unknown,-0.028349926695227623,-0.05210867524147034,0.7593433260917664,0.7593433260917664,0.05932143271234945,0.7616569564174888,0.0781219147546254,0.0042726644314825535,0.0026150066405534744,-0.03752079140394926,0.04549330472946167,0.9999548196792603,4.5180320739746094e-05,0.9963249564170837,0.0036750435829162598,0.5651029348373413,0.4348970651626587,test,0.00029983169554701367
cucumber_3,cucumber,right,stable,0,0,80,110,fill a stable/contact-stable window; recommended about 30 frames,82,082.png,1.35,local_stable_slip_windows_1based_frames_v2,unknown,-0.031115418300032616,-0.042170941829681396,0.7378717064857483,0.7378717064857483,0.0524076100465226,0.7397305001302695,0.07102527249737056,0.010981131345033646,-0.00015048496425151825,-0.02758305799216032,0.024021685123443604,0.9811007976531982,0.018899202346801758,0.23417674005031586,0.765823245048523,0.006558847147971392,0.9934411644935608,test,0.07817089093019185
cucumber_3,cucumber,right,stable,0,0,80,110,fill a stable/contact-stable window; recommended about 30 frames,83,083.png,1.3666666666666667,local_stable_slip_windows_1based_frames_v2,unknown,-0.026135168969631195,-0.005970881320536137,0.7012051939964294,0.7012051939964294,0.02680855238193776,0.701717480592001,0.03823205301303181,0.020666373893618584,0.004829764366149902,0.00861700251698494,-0.012644827365875244,0.479892760515213,0.5201072692871094,0.0036652772687375546,0.9963347315788269,8.748881373321638e-05,0.9999125003814697,test,0.32287697175541236
cucumber_3,cucumber,right,stable,0,0,80,110,fill a stable/contact-stable window; recommended about 30 frames,84,084.png,1.3833333333333333,local_stable_slip_windows_1based_frames_v2,unknown,-0.030403345823287964,-0.04808486998081207,0.7498671412467957,0.7498671412467957,0.05689040480012463,0.7520221058452762,0.07586721140803998,0.005737569648772478,0.0005615875124931335,-0.033496986143291,0.03601711988449097,0.9996911287307739,0.0003088712692260742,0.9605271220207214,0.039472877979278564,0.12794090807437897,0.8720591068267822,test,0.0020921335413602283
cucumber_3,cucumber,right,stable,0,0,80,110,fill a stable/contact-stable window; recommended about 30 frames,85,085.png,1.4,local_stable_slip_windows_1based_frames_v2,unknown,-0.02924000658094883,-0.016246475279331207,0.6895647048950195,0.6895647048950195,0.03345035042949253,0.6903755558975211,0.04850930113263834,0.03672020882368088,-0.0026780180633068085,-0.008211015723645687,0.0006615519523620605,0.6365123987197876,0.3634876012802124,0.012963367626070976,0.9870366454124451,0.0006303999689407647,0.9993696212768555,test,0.2892158470212033
cucumber_3,cucumber,right,stable,0,0,80,110,fill a stable/contact-stable window; recommended about 30 frames,86,086.png,1.4166666666666667,local_stable_slip_windows_1based_frames_v2,unknown,-0.03535610809922218,-0.027658788487315178,0.7283289432525635,0.7283289432525635,0.044889452664405735,0.729710978771668,0.061633402663549955,0.014789298176765442,-0.00700618140399456,0.02444988675415516,-0.03101438283920288,0.4419538676738739,0.5580461025238037,0.0009135976433753967,0.9990863800048828,7.114396339602536e-06,0.9999929070472717,test,0.2992077829460454
cucumber_3,cucumber,right,stable,0,0,80,110,fill a stable/contact-stable window; recommended about 30 frames,87,087.png,1.4333333333333333,local_stable_slip_windows_1based_frames_v2,unknown,-0.028128694742918015,-0.048127174377441406,0.751185417175293,0.751185417175293,0.055744491938638355,0.7532509404961376,0.07420859944227413,0.015178745612502098,0.002986723557114601,-0.00595623254776001,0.013313710689544678,0.9840347766876221,0.01596522331237793,0.12733180820941925,0.8726682066917419,0.0011203325120732188,0.9988796710968018,test,0.11761426002983144
cucumber_3,cucumber,right,stable,0,0,80,110,fill a stable/contact-stable window; recommended about 30 frames,88,088.png,1.45,local_stable_slip_windows_1based_frames_v2,unknown,-0.02752225287258625,-0.014358565211296082,0.6932300329208374,0.6932300329208374,0.031042596510434242,0.6939247231087353,0.0447795829041876,0.011274043470621109,-0.0013870839029550552,-0.008387683890759945,-0.007975161075592041,0.49282383918762207,0.5071761608123779,0.004433461930602789,0.9955665469169617,0.00012246257392689586,0.9998775124549866,test,0.30729593619239115
cucumber_3,cucumber,right,stable,0,0,80,110,fill a stable/contact-stable window; recommended about 30 frames,89,089.png,1.4666666666666666,local_stable_slip_windows_1based_frames_v2,unknown,-0.03202619403600693,-0.018526852130889893,0.6986863613128662,0.6986863613128662,0.03699893720516611,0.6996653148748513,0.05295492555589294,0.07863423228263855,-0.0016228482127189636,0.02955801784992218,-0.05118077993392944,0.2765083909034729,0.7234916090965271,0.0007306380430236459,0.9992693662643433,7.261871814989718e-06,0.9999927282333374,test,0.4117337357389499
cucumber_3,cucumber,right,stable,0,0,80,110,fill a stable/contact-stable window; recommended about 30 frames,90,090.png,1.4833333333333334,local_stable_slip_windows_1based_frames_v2,unknown,-0.029641680419445038,-0.013552820309996605,0.6955863833427429,0.6955863833427429,0.03259306914734431,0.6963495708681674,0.04685690098447982,0.04336676746606827,-0.0004016738384962082,0.0026936549693346024,0.006021678447723389,0.7107115387916565,0.2892884612083435,0.017646346241235733,0.9823536276817322,0.0008365557878278196,0.9991634488105774,test,0.27788299157673957
cucumber_3,cucumber,right,stable,0,0,80,110,fill a stable/contact-stable window; recommended about 30 frames,91,091.png,1.5,local_stable_slip_windows_1based_frames_v2,unknown,-0.03346730023622513,-0.044564541429281235,0.7516657114028931,0.7516657114028931,0.05573202434779988,0.7537289965476458,0.07414459560645294,0.07019862532615662,0.001888807862997055,-0.016905752941966057,0.02333676815032959,0.9902917742729187,0.009708225727081299,0.2874544560909271,0.7125455141067505,0.004411369562149048,0.9955886602401733,test,0.08677494279750574
cucumber_3,cucumber,right,stable,0,0,80,110,fill a stable/contact-stable window; recommended about 30 frames,92,092.png,1.5166666666666666,local_stable_slip_windows_1based_frames_v2,unknown,-0.024508699774742126,-0.057111918926239014,0.7487063407897949,0.7487063407897949,0.06214859329128651,0.7512813270585994,0.08300785888612675,0.04101843759417534,0.003619994968175888,-0.008984744548797607,-0.002479076385498047,0.8954854607582092,0.10451453924179077,0.012132027186453342,0.9878679513931274,0.00010862280760193244,0.9998914003372192,test,0.20899982165990785
cucumber_3,cucumber,right,stable,0,0,80,110,fill a stable/contact-stable window; recommended about 30 frames,93,093.png,1.5333333333333334,local_stable_slip_windows_1based_frames_v2,unknown,-0.02523593232035637,-0.015672003850340843,0.6897732615470886,0.6897732615470886,0.029706295372575582,0.690412642069995,0.04306669156652437,0.03204355388879776,0.0022863205522298813,-0.0013134386390447617,-0.0034567713737487793,0.6125426292419434,0.38745737075805664,0.009388505481183529,0.9906114935874939,0.0003592782304622233,0.999640703201294,test,0.2919941923159951
cucumber_3,cucumber,right,stable,0,0,80,110,fill a stable/contact-stable window; recommended about 30 frames,94,094.png,1.55,local_stable_slip_windows_1based_frames_v2,unknown,-0.024575579911470413,-0.004817672539502382,0.6847352981567383,0.6847352981567383,0.025043344358989743,0.6851931097424143,0.03657370644203419,0.044570766389369965,0.007450614124536514,0.01370917959138751,-0.01395106315612793,0.5319610238075256,0.46803897619247437,0.006487326230853796,0.9935126900672913,0.00023679528385400772,0.9997631907463074,test,0.3262627879722952
cucumber_3,cucumber,right,stable,0,0,80,110,fill a stable/contact-stable window; recommended about 30 frames,95,095.png,1.5666666666666667,local_stable_slip_windows_1based_frames_v2,unknown,-0.027956683188676834,-0.007742634974420071,0.6955375671386719,0.6955375671386719,0.02900904223271011,0.69614224971082,0.04170730941930137,0.04028827324509621,0.0016849972307682037,0.005810185335576534,-4.881620407104492e-05,0.5330406427383423,0.4669593572616577,0.006147544831037521,0.993852436542511,0.00020537686941679567,0.999794602394104,test,0.3454892163858868
cucumber_3,cucumber,right,stable,0,0,80,110,fill a stable/contact-stable window; recommended about 30 frames,96,096.png,1.5833333333333333,local_stable_slip_windows_1based_frames_v2,unknown,-0.030194152146577835,-0.051913559436798096,0.7553633451461792,0.7553633451461792,0.06005584465519288,0.7577469812989521,0.07950579748845676,0.006589066237211227,0.003273148089647293,-0.007349018007516861,0.003697633743286133,0.9476525187492371,0.05234748125076294,0.027299249544739723,0.9727007746696472,0.0002047734596999362,0.9997951984405518,test,0.16331134452350568
cucumber_3,cucumber,right,stable,0,0,80,110,fill a stable/contact-stable window; recommended about 30 frames,97,097.png,1.6,local_stable_slip_windows_1based_frames_v2,unknown,-0.02926274761557579,-0.043626077473163605,0.7434234023094177,0.7434234023094177,0.052531352863859876,0.7452770613235173,0.07066132440726099,0.09093022346496582,-0.004754047840833664,0.013485841453075409,-0.005282938480377197,0.7763217687606812,0.22367823123931885,0.004006670322269201,0.9959933161735535,3.353507781866938e-05,0.9999664425849915,test,0.30848107837562777
cucumber_3,cucumber,right,stable,0,0,80,110,fill a stable/contact-stable window; recommended about 30 frames,98,098.png,1.6166666666666667,local_stable_slip_windows_1based_frames_v2,unknown,-0.027221376076340675,-0.00031622685492038727,0.6895439624786377,0.6895439624786377,0.027223212795578433,0.6900811397985416,0.03947996762636318,0.049021877348423004,-0.0019854437559843063,0.015355776995420456,-0.00022929906845092773,0.547473669052124,0.452526330947876,0.007242703344672918,0.9927573204040527,0.00027278976631350815,0.999727189540863,test,0.34878164952813245
cucumber_3,cucumber,right,stable,0,0,80,110,fill a stable/contact-stable window; recommended about 30 frames,99,099.png,1.6333333333333333,local_stable_slip_windows_1based_frames_v2,unknown,-0.03426826000213623,-0.027893390506505966,0.7034167051315308,0.7034167051315308,0.044185460023886215,0.7048031043742794,0.062815393615411,0.13548779487609863,-0.009692680090665817,-0.023075717967003584,0.01868140697479248,0.8916471004486084,0.1083528995513916,0.07558475434780121,0.9244152307510376,0.004563630558550358,0.9954363703727722,test,0.27933555097948504
cucumber_3,cucumber,right,stable,0,0,80,110,fill a stable/contact-stable window; recommended about 30 frames,100,100.png,1.65,local_stable_slip_windows_1based_frames_v2,unknown,-0.023701105266809464,-0.002504951786249876,0.6937189698219299,0.6937189698219299,0.023833110882128243,0.6941282491478931,0.034355520842575614,0.036981578916311264,0.004255577921867371,0.005237683188170195,-0.0018185973167419434,0.5329192280769348,0.4670807719230652,0.00548254419118166,0.99451744556427,0.00016350102669093758,0.9998365044593811,test,0.3397406499659418
cucumber_3,cucumber,right,stable,0,0,80,110,fill a stable/contact-stable window; recommended about 30 frames,101,101.png,1.6666666666666667,local_stable_slip_windows_1based_frames_v2,unknown,-0.028702793642878532,-0.009395547211170197,0.6917222142219543,0.6917222142219543,0.03020143490470273,0.6923812160352317,0.04366115562374627,0.02345035783946514,0.0014913585036993027,0.0425180122256279,-0.06364113092422485,0.2085115909576416,0.7914884090423584,0.0004921263316646218,0.9995078444480896,3.966918029618682e-06,0.9999960064888,test,0.3435459866509391
cucumber_3,cucumber,right,stable,0,0,80,110,fill a stable/contact-stable window; recommended about 30 frames,102,102.png,1.6833333333333333,local_stable_slip_windows_1based_frames_v2,unknown,-0.0258195623755455,-0.009014674462378025,0.6851171851158142,0.6851171851158142,0.02734801925052956,0.6856627972246592,0.03991722865436213,0.020705366507172585,0.0034431852400302887,0.03461140301078558,-0.058306217193603516,0.24052010476589203,0.7594798803329468,0.0005994618404656649,0.9994005560874939,5.26546409673756e-06,0.9999947547912598,test,0.33586195432900107
cucumber_3,cucumber,right,stable,0,0,80,110,fill a stable/contact-stable window; recommended about 30 frames,103,103.png,1.7,local_stable_slip_windows_1based_frames_v2,unknown,-0.02454565465450287,-0.0032586315646767616,0.6880841851234436,0.6880841851234436,0.024761014561047897,0.688529559030755,0.035985391193396686,0.07056482136249542,0.0026757214218378067,-0.0029424047097563744,-0.0014597773551940918,0.6470403075218201,0.35295969247817993,0.014526810497045517,0.9854732155799866,0.0007664823206141591,0.9992335438728333,test,0.32505220525158796
cucumber_3,cucumber,right,stable,0,0,80,110,fill a stable/contact-stable window; recommended about 30 frames,104,104.png,1.7166666666666666,local_stable_slip_windows_1based_frames_v2,unknown,-0.03525465354323387,-0.04295611009001732,0.7315619587898254,0.7315619587898254,0.05557083759058469,0.7336695560938353,0.07596179785060704,0.0034550302661955357,-0.000986393541097641,-0.015062719583511353,0.028145253658294678,0.9972032308578491,0.002796769142150879,0.7118346095085144,0.2881653904914856,0.03109974041581154,0.9689002633094788,test,0.00874476068548216
cucumber_3,cucumber,right,stable,0,0,80,110,fill a stable/contact-stable window; recommended about 30 frames,105,105.png,1.7333333333333334,local_stable_slip_windows_1based_frames_v2,unknown,-0.029561245813965797,0.0015957197174429893,0.6987565755844116,0.6987565755844116,0.029604283059894335,0.699383418089065,0.04236702984598707,0.019599920138716698,-0.005860140547156334,0.004100671503692865,0.0050376057624816895,0.5936416983604431,0.4063583016395569,0.007946589961647987,0.9920533895492554,0.00027546368073672056,0.9997245073318481,test,0.30028255854879987
cucumber_3,cucumber,right,stable,0,0,80,110,fill a stable/contact-stable window; recommended about 30 frames,106,106.png,1.75,local_stable_slip_windows_1based_frames_v2,unknown,-0.023826517164707184,-0.0002827383577823639,0.6965352892875671,0.6965352892875671,0.023828194668901116,0.6969427466328162,0.03420955237418157,0.12004777044057846,0.004876276478171349,0.009112808853387833,0.004813075065612793,0.6774328351020813,0.3225671648979187,0.014386933296918869,0.9856130480766296,0.0006457317504100502,0.9993542432785034,test,0.3956077183832302
cucumber_3,cucumber,right,stable,0,0,80,110,fill a stable/contact-stable window; recommended about 30 frames,107,107.png,1.7666666666666666,local_stable_slip_windows_1based_frames_v2,unknown,-0.037796057760715485,-0.03756420314311981,0.7345861792564392,0.7345861792564392,0.053288003715929476,0.7365164397992772,0.07254142901032991,0.024472950026392937,-0.011976495385169983,-0.028549528680741787,0.049468994140625,0.9997794032096863,0.0002205967903137207,0.9874302744865417,0.012569725513458252,0.4859870672225952,0.5140129327774048,test,0.0004920065412371863
cucumber_3,cucumber,right,stable,0,0,80,110,fill a stable/contact-stable window; recommended about 30 frames,108,108.png,1.7833333333333334,local_stable_slip_windows_1based_frames_v2,unknown,-0.025614745914936066,-0.054254934191703796,0.7466605305671692,0.7466605305671692,0.059997609055968584,0.7490671939147244,0.0803544934347883,0.04770059511065483,-0.001069091260433197,-0.050996302627027035,0.058576345443725586,0.9999969005584717,3.0994415283203125e-06,0.9998589754104614,0.00014102458953857422,0.9637806415557861,0.03621935844421387,test,7.570652798237461e-05
cucumber_3,cucumber,right,stable,0,0,80,110,fill a stable/contact-stable window; recommended about 30 frames,109,109.png,1.8,local_stable_slip_windows_1based_frames_v2,unknown,-0.0240173302590847,-0.04729919135570526,0.7426814436912537,0.7426814436912537,0.05304757916887037,0.7445735507382748,0.07142700035457307,0.0519426055252552,0.01123732328414917,-0.0043430812656879425,0.011119484901428223,0.9833031296730042,0.01669687032699585,0.12997442483901978,0.8700255751609802,0.0013224573340266943,0.9986775517463684,test,0.13922323393746072
cucumber_3,cucumber,right,stable,0,0,80,110,fill a stable/contact-stable window; recommended about 30 frames,110,110.png,1.8166666666666667,local_stable_slip_windows_1based_frames_v2,unknown,-0.026625346392393112,0.000832584104500711,0.6909129619598389,0.6909129619598389,0.02663836081304531,0.6914262963403429,0.03855525040698734,0.026570862159132957,0.0029358994215726852,-0.0007631356129422784,-0.007843613624572754,0.5301985740661621,0.4698014259338379,0.006114096846431494,0.99388587474823,0.00020721439796034247,0.9997928142547607,test,0.3131373915681098
cucumber_3,cucumber,right,slip,0,1,40,64,fill only if visible slip/instability occurs; recommended about 30 frames; delete or keep empty [] if no slip,40,040.png,0.65,local_stable_slip_windows_1based_frames_v2,unknown,-0.0623377189040184,-0.03721237927675247,0.7232100963592529,0.7232100963592529,0.07259994744897058,0.7268449599780913,0.10038555521956037,0.841921329498291,0.0,0.0,0.0,0.13368147611618042,0.8663185238838196,9.652038716012612e-05,0.9999035000801086,3.1630926855541475e-07,0.9999997019767761,test,0.9915962484022469
cucumber_3,cucumber,right,slip,0,1,40,64,fill only if visible slip/instability occurs; recommended about 30 frames; delete or keep empty [] if no slip,41,041.png,0.6666666666666666,local_stable_slip_windows_1based_frames_v2,unknown,-0.0105311069637537,0.038028329610824585,0.6623979806900024,0.6623979806900024,0.039459575097453084,0.6635722589809375,0.059570706247689495,0.8644733428955078,0.0518066119402647,0.07524070888757706,-0.06081211566925049,0.02969476953148842,0.9703052043914795,0.00011935466318391263,0.9998806715011597,8.152621262524917e-07,0.9999991655349731,test,0.9907698278810295
cucumber_3,cucumber,right,slip,0,1,40,64,fill only if visible slip/instability occurs; recommended about 30 frames; delete or keep empty [] if no slip,42,042.png,0.6833333333333333,local_stable_slip_windows_1based_frames_v2,unknown,-0.011287187226116657,0.05354110524058342,0.662225067615509,0.662225067615509,0.05471791795984785,0.6644818212142648,0.0826272486627894,0.8438040018081665,0.051050531677901745,0.09075348451733589,-0.060985028743743896,0.02467777021229267,0.9753222465515137,9.056838462129235e-05,0.9999094605445862,5.288939064485021e-07,0.999999463558197,test,0.9896744325860164
cucumber_3,cucumber,right,slip,0,1,40,64,fill only if visible slip/instability occurs; recommended about 30 frames; delete or keep empty [] if no slip,43,043.png,0.7,local_stable_slip_windows_1based_frames_v2,unknown,-0.023105163127183914,0.0494091622531414,0.6663897037506104,0.6663897037506104,0.05454460447827111,0.6686182402107478,0.08185078839077539,0.9048477411270142,0.03923255577683449,0.08662154152989388,-0.05682039260864258,0.025113224983215332,0.9748867750167847,0.00011800379434134811,0.9998819828033447,8.706281278136885e-07,0.9999991059303284,test,0.9928534382020326
cucumber_3,cucumber,right,slip,0,1,40,64,fill only if visible slip/instability occurs; recommended about 30 frames; delete or keep empty [] if no slip,44,044.png,0.7166666666666667,local_stable_slip_windows_1based_frames_v2,unknown,-0.016551775857806206,0.048615723848342896,0.6756613254547119,0.6756613254547119,0.05135610858841811,0.6776102689633352,0.07600854251249856,0.9906387329101562,0.045785943046212196,0.08582810312509537,-0.047548770904541016,0.02393225021660328,0.9760677218437195,8.591007645009086e-05,0.9999141097068787,4.912984081784089e-07,0.9999995231628418,test,0.9960714969172769
cucumber_3,cucumber,right,slip,0,1,40,64,fill only if visible slip/instability occurs; recommended about 30 frames; delete or keep empty [] if no slip,45,045.png,0.7333333333333333,local_stable_slip_windows_1based_frames_v2,unknown,-0.006022544112056494,0.06707094609737396,0.6581306457519531,0.6581306457519531,0.06734079631232845,0.6615668747192995,0.10232116438556564,0.9984338879585266,0.05631517479196191,0.10428332537412643,-0.0650794506072998,0.01397660467773676,0.9860233664512634,6.89533626427874e-05,0.9999310374259949,4.069132444328716e-07,0.9999995827674866,test,0.9957340635646011
cucumber_3,cucumber,right,slip,0,1,40,64,fill only if visible slip/instability occurs; recommended about 30 frames; delete or keep empty [] if no slip,46,046.png,0.75,local_stable_slip_windows_1based_frames_v2,unknown,-0.005688703618943691,0.049729399383068085,0.6802937984466553,0.6802937984466553,0.05005371626427827,0.6821327046234064,0.07357650885846541,0.9995014667510986,0.004842403344810009,0.0117010697722435,0.017895817756652832,0.28929412364959717,0.7107058763504028,0.0032576757948845625,0.996742308139801,0.0001374238054268062,0.999862551689148,test,0.996088811437317
cucumber_3,cucumber,right,slip,0,1,40,64,fill only if visible slip/instability occurs; recommended about 30 frames; delete or keep empty [] if no slip,47,047.png,0.7666666666666667,local_stable_slip_windows_1based_frames_v2,unknown,0.011057273484766483,0.06272184103727341,0.6663054823875427,0.6663054823875427,0.06368903076685901,0.6693424299263554,0.0955851885736505,0.9994909763336182,0.02234446071088314,0.009180735796689987,0.004080414772033691,0.0911039188504219,0.9088960886001587,0.0010780616430565715,0.9989219307899475,3.099109744653106e-05,0.9999690055847168,test,0.9969823379004996
cucumber_3,cucumber,right,slip,0,1,40,64,fill only if visible slip/instability occurs; recommended about 30 frames; delete or keep empty [] if no slip,48,048.png,0.7833333333333333,local_stable_slip_windows_1based_frames_v2,unknown,0.01228753849864006,0.05423423647880554,0.6683735251426697,0.6683735251426697,0.055608776364837985,0.6706828647881452,0.08320002374861289,0.9999748468399048,0.035392701625823975,0.004825074225664139,0.001983821392059326,0.09193799644708633,0.9080619812011719,0.0009496241109445691,0.9990503787994385,2.437969669699669e-05,0.9999756217002869,test,0.997010849057892
cucumber_3,cucumber,right,slip,0,1,40,64,fill only if visible slip/instability occurs; recommended about 30 frames; delete or keep empty [] if no slip,49,049.png,0.8,local_stable_slip_windows_1based_frames_v2,unknown,0.01370244286954403,0.04257526993751526,0.6702299118041992,0.6702299118041992,0.04472594941245416,0.6717205856812117,0.06673214950957136,0.9999915361404419,0.030254218727350235,-0.006040453910827637,-0.005431413650512695,0.08889889717102051,0.9111011028289795,0.0006926472415216267,0.9993073344230652,1.390060697303852e-05,0.9999861121177673,test,0.9968112691397086
cucumber_3,cucumber,right,slip,0,1,40,64,fill only if visible slip/instability occurs; recommended about 30 frames; delete or keep empty [] if no slip,50,050.png,0.8166666666666667,local_stable_slip_windows_1based_frames_v2,unknown,0.021548300981521606,0.02870757505297661,0.6812750697135925,0.6812750697135925,0.03589504339895036,0.6822200339728179,0.052687955727023526,0.9999977350234985,0.0275708450935781,-0.038363371044397354,0.023144423961639404,0.2614900767803192,0.7385098934173584,0.0022707029711455107,0.9977293014526367,7.383067713817582e-05,0.9999261498451233,test,0.9965210103296777
cucumber_3,cucumber,right,slip,0,1,40,64,fill only if visible slip/instability occurs; recommended about 30 frames; delete or keep empty [] if no slip,51,051.png,0.8333333333333334,local_stable_slip_windows_1based_frames_v2,unknown,0.026348093524575233,-0.01769394427537918,0.6980770826339722,0.6980770826339722,0.031737953563517406,0.6987981904635684,0.04546476154037739,0.9999916553497314,0.032036797143518925,-0.06742334365844727,0.017783284187316895,0.3496628701686859,0.6503371000289917,0.0010945808608084917,0.9989054203033447,1.513528150098864e-05,0.999984860420227,test,0.9957583730909271
cucumber_3,cucumber,right,slip,0,1,40,64,fill only if visible slip/instability occurs; recommended about 30 frames; delete or keep empty [] if no slip,52,052.png,0.85,local_stable_slip_windows_1based_frames_v2,unknown,0.014914356172084808,-0.0420263409614563,0.6834465861320496,0.6834465861320496,0.04459429733313873,0.684899910534517,0.0652490377287288,0.9999314546585083,0.003857082687318325,-0.1047481819987297,0.017141103744506836,0.1910068839788437,0.8089931011199951,0.0007684013107791543,0.9992315769195557,1.1891327631019522e-05,0.9999880790710449,test,0.9965026227556193
cucumber_3,cucumber,right,slip,0,1,40,64,fill only if visible slip/instability occurs; recommended about 30 frames; delete or keep empty [] if no slip,53,053.png,0.8666666666666667,local_stable_slip_windows_1based_frames_v2,unknown,0.016184624284505844,-0.061336688697338104,0.6936129927635193,0.6936129927635193,0.0634360421494341,0.6965077997940515,0.09145726990986755,0.9381126761436462,0.0038970857858657837,-0.11557092517614365,0.02523946762084961,0.272192120552063,0.727807879447937,0.0008486506412737072,0.999151349067688,1.1313844879623502e-05,0.9999886751174927,test,0.9945266984451155
cucumber_3,cucumber,right,slip,0,1,40,64,fill only if visible slip/instability occurs; recommended about 30 frames; delete or keep empty [] if no slip,54,054.png,0.8833333333333333,local_stable_slip_windows_1based_frames_v2,unknown,0.013449062593281269,-0.04442599415779114,0.6759541630744934,0.6759541630744934,0.04641708997283317,0.6775459960912505,0.0686688888678816,0.9826074242591858,-0.00025338027626276016,-0.0870012640953064,0.0057242512702941895,0.0878576710820198,0.9121423363685608,0.0006941522588022053,0.9993058443069458,1.3903749277233146e-05,0.9999861121177673,test,0.9964585708480125
cucumber_3,cucumber,right,slip,0,1,40,64,fill only if visible slip/instability occurs; recommended about 30 frames; delete or keep empty [] if no slip,55,055.png,0.9,local_stable_slip_windows_1based_frames_v2,unknown,0.024419669061899185,-0.02287151664495468,0.672688364982605,0.672688364982605,0.03345783182953007,0.6735199053433414,0.04973741755289271,0.9999220371246338,0.0028713680803775787,-0.05157909169793129,-0.008586704730987549,0.045860640704631805,0.9541393518447876,0.00028006729553453624,0.9997199177742004,3.3747596717148554e-06,0.9999966025352478,test,0.9967641273331949
cucumber_3,cucumber,right,slip,0,1,40,64,fill only if visible slip/instability occurs; recommended about 30 frames; delete or keep empty [] if no slip,56,056.png,0.9166666666666666,local_stable_slip_windows_1based_frames_v2,unknown,0.053218528628349304,-0.052078407257795334,0.7182707786560059,0.7182707786560059,0.0744605418451627,0.7221199926348668,0.1036662500989382,0.9954063892364502,0.02687043510377407,-0.03438446298241615,0.02019369602203369,0.1108379065990448,0.8891620635986328,9.769285679794848e-05,0.9999023079872131,3.4154086847593135e-07,0.9999996423721313,test,0.9972588217642454
cucumber_3,cucumber,right,slip,0,1,40,64,fill only if visible slip/instability occurs; recommended about 30 frames; delete or keep empty [] if no slip,57,057.png,0.9333333333333333,local_stable_slip_windows_1based_frames_v2,unknown,0.05598129332065582,0.0028448619414120913,0.6847929358482361,0.6847929358482361,0.05605353192546389,0.6870832288951356,0.0818545974067832,0.9974181652069092,0.041066937148571014,0.04487120290286839,0.0013463497161865234,0.06289839744567871,0.9371016025543213,0.00017083318380173296,0.9998291730880737,1.199794724016101e-06,0.9999988079071045,test,0.9972559151689306
cucumber_3,cucumber,right,slip,0,1,40,64,fill only if visible slip/instability occurs; recommended about 30 frames; delete or keep empty [] if no slip,58,058.png,0.95,local_stable_slip_windows_1based_frames_v2,unknown,0.06598950922489166,-0.008228701539337635,0.6961105465888977,0.6961105465888977,0.06650057786790697,0.6992797865869279,0.09553149663121475,0.9843132495880127,0.04980488494038582,0.05310798715800047,0.002497553825378418,0.06650242209434509,0.9334975481033325,0.00010262442810926586,0.9998973608016968,4.6389030217142135e-07,0.9999995231628418,test,0.9971149588701234
cucumber_3,cucumber,right,slip,0,1,40,64,fill only if visible slip/instability occurs; recommended about 30 frames; delete or keep empty [] if no slip,59,059.png,0.9666666666666667,local_stable_slip_windows_1based_frames_v2,unknown,0.06850916892290115,0.027050798758864403,0.6793186068534851,0.6793186068534851,0.0736563095735809,0.6833000962661714,0.10842659159323662,0.9999568462371826,0.055060106329619884,0.07147679291665554,0.0033644437789916992,0.05975781008601189,0.9402421712875366,0.0003004469908773899,0.9996995329856873,3.370221520526684e-06,0.9999966025352478,test,0.9974227479188927
cucumber_3,cucumber,right,slip,0,1,40,64,fill only if visible slip/instability occurs; recommended about 30 frames; delete or keep empty [] if no slip,60,060.png,0.9833333333333333,local_stable_slip_windows_1based_frames_v2,unknown,0.06627098470926285,-0.01426003873348236,0.7224220633506775,0.7224220633506775,0.06778784639605957,0.7255955000789807,0.09383400092689745,0.9914301037788391,0.04185131564736366,0.00861147791147232,0.04973369836807251,0.5565370917320251,0.44346290826797485,0.0029644491150975227,0.997035562992096,5.4103205911815166e-05,0.999945878982544,test,0.9953362637296951
cucumber_3,cucumber,right,slip,0,1,40,64,fill only if visible slip/instability occurs; recommended about 30 frames; delete or keep empty [] if no slip,61,061.png,1.0,local_stable_slip_windows_1based_frames_v2,unknown,0.04177751764655113,0.014110589399933815,0.6977280378341675,0.6977280378341675,0.044096141712415333,0.6991200787374361,0.06319952205127496,0.9999873638153076,-0.011441010981798172,0.06618899665772915,-0.02054274082183838,0.046812836080789566,0.9531871676445007,0.000251262477831915,0.9997487664222717,2.7775258786277846e-06,0.9999971985816956,test,0.9966474803605158
cucumber_3,cucumber,right,slip,0,1,40,64,fill only if visible slip/instability occurs; recommended about 30 frames; delete or keep empty [] if no slip,62,062.png,1.0166666666666666,local_stable_slip_windows_1based_frames_v2,unknown,0.007293360773473978,0.01972496137022972,0.6985186338424683,0.6985186338424683,0.021030150080993328,0.6988351372373726,0.030106741546131105,0.9999154806137085,-0.048687932547181845,0.01688009942881763,0.013725697994232178,0.2897847294807434,0.7102152705192566,0.005836285650730133,0.9941636919975281,0.0003933564876206219,0.9996066689491272,test,0.9956779523088879
cucumber_3,cucumber,right,slip,0,1,40,64,fill only if visible slip/instability occurs; recommended about 30 frames; delete or keep empty [] if no slip,63,063.png,1.0333333333333334,local_stable_slip_windows_1based_frames_v2,unknown,-0.007964354008436203,0.003192372852936387,0.7003681659698486,0.7003681659698486,0.00858033677683219,0.7004207236248605,0.012251162949114722,0.9106273651123047,-0.07395386323332787,0.011421074392274022,0.004257619380950928,0.21649956703186035,0.7835004329681396,0.0036529204808175564,0.9963470697402954,0.00019600371888373047,0.9998040199279785,test,0.9929378698546336
cucumber_3,cucumber,right,slip,0,1,40,64,fill only if visible slip/instability occurs; recommended about 30 frames; delete or keep empty [] if no slip,64,064.png,1.05,local_stable_slip_windows_1based_frames_v2,unknown,-0.030964933335781097,-0.014587883837521076,0.7138500213623047,0.7138500213623047,0.03422913161835071,0.7146701941807209,0.04794996518044934,0.058765240013599396,-0.09947410225868225,-0.04163868259638548,0.03453141450881958,0.9342805743217468,0.06571942567825317,0.18036596477031708,0.8196340203285217,0.013128145597875118,0.9868718385696411,test,0.1208393265394903
hammer_1,hammer,left,slip,0,1,50,80,fill only if visible slip/instability occurs; recommended about 30 frames; delete or keep empty [] if no slip,50,050.png,0.8166666666666667,local_stable_slip_windows_1based_frames_v2,unknown,-1.1335068941116333,1.2281465530395508,1.3441681861877441,1.3441681861877441,1.6712814947642816,2.1447540529162734,1.2433565000134208,0.9999994039535522,0.0,0.0,0.0,5.84378234691485e-09,1.0,3.166432949175402e-10,1.0,2.3625458211409996e-14,1.0,test,0.9941490868110028
hammer_1,hammer,left,slip,0,1,50,80,fill only if visible slip/instability occurs; recommended about 30 frames; delete or keep empty [] if no slip,51,051.png,0.8333333333333334,local_stable_slip_windows_1based_frames_v2,unknown,-1.1755692958831787,1.302733063697815,1.3627521991729736,1.3627521991729736,1.7547297810987217,2.221749347029395,1.2876357818595696,0.9999957084655762,-0.04206240177154541,0.07458651065826416,0.018584012985229492,4.210868542742219e-09,1.0,3.0455354904646015e-10,1.0,2.3894784195450762e-14,1.0,test,0.9946026968719224
hammer_1,hammer,left,slip,0,1,50,80,fill only if visible slip/instability occurs; recommended about 30 frames; delete or keep empty [] if no slip,52,052.png,0.85,local_stable_slip_windows_1based_frames_v2,unknown,-1.1867839097976685,1.409641981124878,1.323380470275879,1.323380470275879,1.8427008882356113,2.268674157434672,1.3924185351117788,0.9999985694885254,-0.053277015686035156,0.18149542808532715,-0.020787715911865234,1.3093039152867192e-10,1.0,7.796558537664922e-11,1.0,1.0180020583829604e-14,1.0,test,0.991791774903198
hammer_1,hammer,left,slip,0,1,50,80,fill only if visible slip/instability occurs; recommended about 30 frames; delete or keep empty [] if no slip,53,053.png,0.8666666666666667,local_stable_slip_windows_1based_frames_v2,unknown,-1.2578929662704468,1.4523435831069946,1.300356388092041,1.300356388092041,1.9213528041421042,2.3200265804590483,1.477557494375622,0.9999319314956665,-0.12438607215881348,0.22419703006744385,-0.043811798095703125,1.1061684337607125e-12,1.0,4.601639382040279e-12,1.0,5.350552544292541e-16,1.0,test,0.9878330634282239
hammer_1,hammer,left,slip,0,1,50,80,fill only if visible slip/instability occurs; recommended about 30 frames; delete or keep empty [] if no slip,54,054.png,0.8833333333333333,local_stable_slip_windows_1based_frames_v2,unknown,-1.3136732578277588,1.4658749103546143,1.3122508525848389,1.3122508525848389,1.9683817417205804,2.3656984129953216,1.5000030198801506,0.9983514547348022,-0.1801663637161255,0.23772835731506348,-0.03191733360290527,1.059359414426475e-12,1.0,2.1474997073580443e-13,1.0,1.518691300335747e-18,1.0,test,0.987551941810578
hammer_1,hammer,left,slip,0,1,50,80,fill only if visible slip/instability occurs; recommended about 30 frames; delete or keep empty [] if no slip,55,055.png,0.9,local_stable_slip_windows_1based_frames_v2,unknown,-1.309795618057251,1.4637861251831055,1.3194525241851807,1.3194525241851807,1.9642388809308673,2.366260624897264,1.4886760654520739,0.9998703002929688,-0.17628872394561768,0.2356395721435547,-0.024715662002563477,1.3589945141445625e-12,1.0,1.6884597019151126e-12,1.0,6.266531723522076e-17,1.0,test,0.9886056998943676
hammer_1,hammer,left,slip,0,1,50,80,fill only if visible slip/instability occurs; recommended about 30 frames; delete or keep empty [] if no slip,56,056.png,0.9166666666666666,local_stable_slip_windows_1based_frames_v2,unknown,-1.316078543663025,1.4637199640274048,1.332561731338501,1.332561731338501,1.9683848369113637,2.3770274785981,1.4771423443114062,0.9999831914901733,-0.1405092477798462,0.16098690032958984,-0.030190467834472656,1.833872246767565e-12,1.0,2.551903783773457e-12,1.0,1.153797046409878e-16,1.0,test,0.988308595669827
hammer_1,hammer,left,slip,0,1,50,80,fill only if visible slip/instability occurs; recommended about 30 frames; delete or keep empty [] if no slip,57,057.png,0.9333333333333333,local_stable_slip_windows_1based_frames_v2,unknown,-1.3160959482192993,1.4615188837051392,1.3440418243408203,1.3440418243408203,1.9667602783120195,2.382140721687821,1.4633166761457979,0.999984860420227,-0.12931203842163086,0.05187690258026123,0.020661354064941406,2.3684236863386054e-11,1.0,1.8688672831501663e-10,1.0,1.137890508814271e-13,1.0,test,0.9921398314738
hammer_1,hammer,left,slip,0,1,50,80,fill only if visible slip/instability occurs; recommended about 30 frames; delete or keep empty [] if no slip,58,058.png,0.95,local_stable_slip_windows_1based_frames_v2,unknown,-1.3425976037979126,1.466654896736145,1.368089199066162,1.368089199066162,1.9883774570850499,2.4135685133108407,1.4533964635097063,0.9999810457229614,-0.08470463752746582,0.01431131362915039,0.0677328109741211,3.7884881343153154e-10,1.0,9.018039648367449e-10,1.0,4.897389460113699e-13,1.0,test,0.9950457699114074
hammer_1,hammer,left,slip,0,1,50,80,fill only if visible slip/instability occurs; recommended about 30 frames; delete or keep empty [] if no slip,59,059.png,0.9666666666666667,local_stable_slip_windows_1based_frames_v2,unknown,-1.3426804542541504,1.4632142782211304,1.382832407951355,1.382832407951355,1.9858969827829225,2.419919894274779,1.4361071777438443,0.9999796152114868,-0.0290071964263916,-0.0026606321334838867,0.07058155536651611,7.66582686217987e-10,1.0,1.0596905575255278e-09,1.0,4.548433569888377e-13,1.0,test,0.9956320987508895
hammer_1,hammer,left,slip,0,1,50,80,fill only if visible slip/instability occurs; recommended about 30 frames; delete or keep empty [] if no slip,60,060.png,0.9833333333333333,local_stable_slip_windows_1based_frames_v2,unknown,-1.340330958366394,1.4574804306030273,1.401477575302124,1.401477575302124,1.9800849182664269,2.425876270056015,1.41285421922313,0.999984860420227,-0.030535340309143066,-0.006305694580078125,0.08202505111694336,1.5733366831582885e-09,1.0,2.807762466972008e-09,1.0,1.9764394114385464e-12,1.0,test,0.9961345465785424
hammer_1,hammer,left,slip,0,1,50,80,fill only if visible slip/instability occurs; recommended about 30 frames; delete or keep empty [] if no slip,61,061.png,1.0,local_stable_slip_windows_1based_frames_v2,unknown,-1.3258633613586426,1.4521225690841675,1.3943287134170532,1.3943287134170532,1.9663604981378264,2.4105447869094023,1.410255034527601,0.9999980926513672,-0.009784817695617676,-0.011597394943237305,0.061766982078552246,7.476659846794576e-10,1.0,8.26736101799952e-09,1.0,2.566759652045114e-11,1.0,test,0.9955588090137231
hammer_1,hammer,left,slip,0,1,50,80,fill only if visible slip/instability occurs; recommended about 30 frames; delete or keep empty [] if no slip,62,062.png,1.0166666666666666,local_stable_slip_windows_1based_frames_v2,unknown,-1.3186419010162354,1.4481121301651,1.3955262899398804,1.3955262899398804,1.9585313897527952,2.4048573409997487,1.4034346758186071,0.9999918937683105,-0.002545952796936035,-0.013406753540039062,0.05148446559906006,4.3695561058321175e-10,1.0,9.901569342218863e-09,1.0,5.2455959714814426e-11,1.0,test,0.9952429001630704
hammer_1,hammer,left,slip,0,1,50,80,fill only if visible slip/instability occurs; recommended about 30 frames; delete or keep empty [] if no slip,63,063.png,1.0333333333333334,local_stable_slip_windows_1based_frames_v2,unknown,-1.316704511642456,1.445680856704712,1.4022589921951294,1.4022589921951294,1.9554293417104256,2.4062489878676665,1.3944841560011654,0.9999885559082031,0.025893092155456543,-0.020974040031433105,0.034169793128967285,2.1748818024303063e-10,1.0,4.8312487344048805e-09,1.0,1.935870214131441e-11,1.0,test,0.9947628321902449
hammer_1,hammer,left,slip,0,1,50,80,fill only if visible slip/instability occurs; recommended about 30 frames; delete or keep empty [] if no slip,64,064.png,1.05,local_stable_slip_windows_1based_frames_v2,unknown,-1.338606834411621,1.4532744884490967,1.4160393476486206,1.4160393476486206,1.9758226124605631,2.4308522024178303,1.3953151940490105,0.9999960660934448,0.004073619842529297,-0.009939789772033691,0.033206939697265625,1.8136950274971753e-10,1.0,8.1809098384511e-10,1.0,6.000601491390478e-13,1.0,test,0.9945448732169676
hammer_1,hammer,left,slip,0,1,50,80,fill only if visible slip/instability occurs; recommended about 30 frames; delete or keep empty [] if no slip,65,065.png,1.0666666666666667,local_stable_slip_windows_1based_frames_v2,unknown,-1.348013162612915,1.449831485748291,1.4374583959579468,1.4374583959579468,1.9796845262932097,2.446515371657158,1.3772107454721636,0.9999910593032837,-0.007682204246520996,-0.007648944854736328,0.035980820655822754,1.7814395791848625e-10,1.0,4.1261694061489607e-10,1.0,1.6010416191598875e-13,1.0,test,0.9946937032576723
hammer_1,hammer,left,slip,0,1,50,80,fill only if visible slip/instability occurs; recommended about 30 frames; delete or keep empty [] if no slip,66,066.png,1.0833333333333333,local_stable_slip_windows_1based_frames_v2,unknown,-1.348197102546692,1.4416059255599976,1.4532932043075562,1.4532932043075562,1.9737940804260692,2.451106731583004,1.3581517593449106,0.9999972581863403,-0.022333741188049316,-0.010516643524169922,0.05896449089050293,4.255760188698332e-10,1.0,8.983842003651432e-10,1.0,4.4805825716309755e-13,1.0,test,0.9956411381044143
hammer_1,hammer,left,slip,0,1,50,80,fill only if visible slip/instability occurs; recommended about 30 frames; delete or keep empty [] if no slip,67,067.png,1.1,local_stable_slip_windows_1based_frames_v2,unknown,-1.3592087030410767,1.4462494850158691,1.4605686664581299,1.4605686664581299,1.9847130450851762,2.4642132011598656,1.3588622923397349,0.9999971389770508,-0.04056680202484131,-0.001862645149230957,0.06504237651824951,5.941072078741172e-10,1.0,7.595717943509328e-10,1.0,2.6739832678819575e-13,1.0,test,0.9957524928959237
hammer_1,hammer,left,slip,0,1,50,80,fill only if visible slip/instability occurs; recommended about 30 frames; delete or keep empty [] if no slip,68,068.png,1.1166666666666667,local_stable_slip_windows_1based_frames_v2,unknown,-1.338446021080017,1.4346833229064941,1.4546562433242798,1.4546562433242798,1.9620789964654708,2.442494375554068,1.3488256463643609,0.9999988079071045,-0.021741509437561035,-0.010997533798217773,0.05239725112915039,3.5339678405854613e-10,1.0,3.769842660261702e-09,1.0,8.422981929989692e-12,1.0,test,0.9954503756581711
hammer_1,hammer,left,slip,0,1,50,80,fill only if visible slip/instability occurs; recommended about 30 frames; delete or keep empty [] if no slip,69,069.png,1.1333333333333333,local_stable_slip_windows_1based_frames_v2,unknown,-1.3355332612991333,1.42387056350708,1.4573596715927124,1.4573596715927124,1.9521927347621875,2.4361760375726313,1.339539876994681,0.9999934434890747,0.003073573112487793,-0.0294039249420166,0.0413203239440918,2.819573186041424e-10,1.0,2.466393311806314e-09,1.0,4.017037136955226e-12,1.0,test,0.9951980080404513
hammer_1,hammer,left,slip,0,1,50,80,fill only if visible slip/instability occurs; recommended about 30 frames; delete or keep empty [] if no slip,70,070.png,1.15,local_stable_slip_windows_1based_frames_v2,unknown,-1.3368335962295532,1.42625093460083,1.4603683948516846,1.4603683948516846,1.9548186085818247,2.440080253012074,1.3385781812966278,0.9999845027923584,0.011179566383361816,-0.023580551147460938,0.022909998893737793,1.1811440714382115e-10,1.0,5.473015374235501e-10,1.0,3.515058795248993e-13,1.0,test,0.9944737304374445
hammer_1,hammer,left,slip,0,1,50,80,fill only if visible slip/instability occurs; recommended about 30 frames; delete or keep empty [] if no slip,71,071.png,1.1666666666666667,local_stable_slip_windows_1based_frames_v2,unknown,-1.3459378480911255,1.4305152893066406,1.4636743068695068,1.4636743068695068,1.9641595362557063,2.449543867836247,1.3419366488163484,0.9999922513961792,0.0022592544555664062,-0.011090636253356934,0.010381102561950684,5.938372710234674e-11,1.0,5.017894780245946e-11,1.0,5.095593086070155e-15,1.0,test,0.9937718757918378
hammer_1,hammer,left,slip,0,1,50,80,fill only if visible slip/instability occurs; recommended about 30 frames; delete or keep empty [] if no slip,72,072.png,1.1833333333333333,local_stable_slip_windows_1based_frames_v2,unknown,-1.3329005241394043,1.4264850616455078,1.4503819942474365,1.4503819942474365,1.9523020868576888,2.4320960851878484,1.3460596922336947,0.9999768733978271,0.026308178901672363,-0.019764423370361328,-0.01018667221069336,2.5308146203717463e-11,1.0,1.8499174414543518e-11,1.0,1.1956475679051736e-15,1.0,test,0.9927841580880384
hammer_1,hammer,left,slip,0,1,50,80,fill only if visible slip/instability occurs; recommended about 30 frames; delete or keep empty [] if no slip,73,073.png,1.2,local_stable_slip_windows_1based_frames_v2,unknown,-1.2991021871566772,1.4105377197265625,1.422722578048706,1.422722578048706,1.9176243509735353,2.3877652073719955,1.3478544817564602,0.9999985694885254,0.039343833923339844,-0.02414560317993164,-0.03193366527557373,1.057252722869162e-11,1.0,3.5282141791492805e-11,1.0,6.697161712189165e-15,1.0,test,0.9914748666694518
hammer_1,hammer,left,slip,0,1,50,80,fill only if visible slip/instability occurs; recommended about 30 frames; delete or keep empty [] if no slip,74,074.png,1.2166666666666666,local_stable_slip_windows_1based_frames_v2,unknown,-1.2883349657058716,1.4154832363128662,1.4016847610473633,1.4016847610473633,1.9140009864530099,2.372365896208993,1.3654993434639988,0.9999986886978149,0.04719829559326172,-0.008387327194213867,-0.05567491054534912,2.9135374668420866e-12,1.0,7.765433261697208e-12,1.0,7.376097371170824e-16,1.0,test,0.9895714826868074
hammer_1,hammer,left,slip,0,1,50,80,fill only if visible slip/instability occurs; recommended about 30 frames; delete or keep empty [] if no slip,75,075.png,1.2333333333333334,local_stable_slip_windows_1based_frames_v2,unknown,-1.2938177585601807,1.4264905452728271,1.3862841129302979,1.3862841129302979,1.9258347977223949,2.372893446803164,1.3892054237325029,0.9999988079071045,0.04301583766937256,0.0002396106719970703,-0.07408428192138672,7.797859580271904e-13,1.0,6.264357522295372e-13,1.0,1.1982535871901321e-17,1.0,test,0.9874040905152296
hammer_1,hammer,left,slip,0,1,50,80,fill only if visible slip/instability occurs; recommended about 30 frames; delete or keep empty [] if no slip,76,076.png,1.25,local_stable_slip_windows_1based_frames_v2,unknown,-1.2683446407318115,1.4195282459259033,1.3546807765960693,1.3546807765960693,1.903617232705824,2.336432874091081,1.4052135826976826,0.9999982118606567,0.07759320735931396,-0.010987043380737305,-0.1089935302734375,1.5951679538904473e-13,1.0,1.8398447370650273e-13,1.0,2.7323126004976497e-18,1.0,test,0.9835875696160935
hammer_1,hammer,left,slip,0,1,50,80,fill only if visible slip/instability occurs; recommended about 30 frames; delete or keep empty [] if no slip,77,077.png,1.2666666666666666,local_stable_slip_windows_1based_frames_v2,unknown,-1.2650951147079468,1.4187310934066772,1.3557915687561035,1.3557915687561035,1.9008586387884867,2.3348306882013854,1.4020276276720296,0.9999991655349731,0.06780540943145752,-0.007753968238830566,-0.09459042549133301,1.636098483255577e-13,1.0,1.365614571294596e-13,1.0,1.5903002225668861e-18,1.0,test,0.9853426835483386
hammer_1,hammer,left,slip,0,1,50,80,fill only if visible slip/instability occurs; recommended about 30 frames; delete or keep empty [] if no slip,78,078.png,1.2833333333333334,local_stable_slip_windows_1based_frames_v2,unknown,-1.2576696872711182,1.424073338508606,1.3408992290496826,1.3408992290496826,1.8999257658476236,2.325452355606907,1.4169031555719336,0.9999994039535522,0.04143249988555908,0.013535618782043457,-0.08182334899902344,1.5462048416799157e-13,1.0,3.0821710201439645e-13,1.0,7.87580498779909e-18,1.0,test,0.9862396620585401
hammer_1,hammer,left,slip,0,1,50,80,fill only if visible slip/instability occurs; recommended about 30 frames; delete or keep empty [] if no slip,79,079.png,1.3,local_stable_slip_windows_1based_frames_v2,unknown,-1.291387677192688,1.4419519901275635,1.334453821182251,1.334453821182251,1.935693073459211,2.3511007369965835,1.4505497246765517,0.9999990463256836,-0.0030527114868164062,0.026468753814697266,-0.0672309398651123,5.371632907360743e-14,1.0,1.9133747947722374e-15,1.0,1.0355610605664167e-21,1.0,test,0.9864688185527066
hammer_1,hammer,left,slip,0,1,50,80,fill only if visible slip/instability occurs; recommended about 30 frames; delete or keep empty [] if no slip,80,080.png,1.3166666666666667,local_stable_slip_windows_1based_frames_v2,unknown,-1.2965084314346313,1.4474494457244873,1.332550287246704,1.332550287246704,1.9432045725319849,2.356211849293371,1.4582587485596916,0.9999992847442627,-0.0026906728744506836,0.020958900451660156,-0.05373382568359375,9.743481656264777e-14,1.0,3.217896377827453e-15,1.0,2.157636004359217e-21,1.0,test,0.9877876964871504
hammer_1,hammer,right,slip,0,1,50,80,fill only if visible slip/instability occurs; recommended about 30 frames; delete or keep empty [] if no slip,50,050.png,0.8166666666666667,local_stable_slip_windows_1based_frames_v2,unknown,-1.2846449613571167,1.4431418180465698,1.3425918817520142,1.3425918817520142,1.9320897970164292,2.3527694202112968,1.439073469907834,0.999992847442627,0.0,0.0,0.0,3.1023274227326425e-11,1.0,1.7113834654969295e-11,1.0,1.2690564194327964e-15,1.0,test,0.9924049867764345
hammer_1,hammer,right,slip,0,1,50,80,fill only if visible slip/instability occurs; recommended about 30 frames; delete or keep empty [] if no slip,51,051.png,0.8333333333333334,local_stable_slip_windows_1based_frames_v2,unknown,-1.3380041122436523,1.4548768997192383,1.3621346950531006,1.3621346950531006,1.9765934831718905,2.400485935219157,1.4510988078135905,0.9999921321868896,-0.053359150886535645,0.011735081672668457,0.019542813301086426,6.487099052376877e-12,1.0,2.5244375342838195e-14,1.0,2.093496548908826e-20,1.0,test,0.9928960257657051
hammer_1,hammer,right,slip,0,1,50,80,fill only if visible slip/instability occurs; recommended about 30 frames; delete or keep empty [] if no slip,52,052.png,0.85,local_stable_slip_windows_1based_frames_v2,unknown,-1.3187285661697388,1.450653076171875,1.351078748703003,1.351078748703003,1.960469173090722,2.380935354820851,1.4510388265183571,0.9999881982803345,-0.03408360481262207,0.007511258125305176,0.00848686695098877,9.341244791571945e-12,1.0,2.1079607514812998e-13,1.0,7.749913578640078e-19,1.0,test,0.9924312391654915
hammer_1,hammer,right,slip,0,1,50,80,fill only if visible slip/instability occurs; recommended about 30 frames; delete or keep empty [] if no slip,53,053.png,0.8666666666666667,local_stable_slip_windows_1based_frames_v2,unknown,-1.3347100019454956,1.4543027877807617,1.3574810028076172,1.3574810028076172,1.973942093335121,2.3956631776658033,1.454120267710738,0.9999873638153076,-0.050065040588378906,0.011160969734191895,0.014889121055603027,5.241882448936419e-12,1.0,8.586869347623934e-15,1.0,3.912507347929351e-21,1.0,test,0.9926207303574022
hammer_1,hammer,right,slip,0,1,50,80,fill only if visible slip/instability occurs; recommended about 30 frames; delete or keep empty [] if no slip,54,054.png,0.8833333333333333,local_stable_slip_windows_1based_frames_v2,unknown,-1.334486484527588,1.4565582275390625,1.3470094203948975,1.3470094203948975,1.9754533777334597,2.3909936064806057,1.4665464704826294,0.9999933242797852,-0.04984152317047119,0.013416409492492676,0.004417538642883301,3.3739658202719403e-12,1.0,4.978198978261919e-15,1.0,1.7442302789127504e-21,1.0,test,0.9918245956409422
hammer_1,hammer,right,slip,0,1,50,80,fill only if visible slip/instability occurs; recommended about 30 frames; delete or keep empty [] if no slip,55,055.png,0.9,local_stable_slip_windows_1based_frames_v2,unknown,-1.3365100622177124,1.4613885879516602,1.3260111808776855,1.3260111808776855,1.980382728516016,2.3833215064730933,1.4934875841074127,0.9999686479568481,-0.0518651008605957,0.018246769905090332,-0.016580700874328613,2.2933219993165332e-12,1.0,3.705104223373969e-15,1.0,1.2489964787733641e-21,1.0,test,0.9899005240993679
hammer_1,hammer,right,slip,0,1,50,80,fill only if visible slip/instability occurs; recommended about 30 frames; delete or keep empty [] if no slip,56,056.png,0.9166666666666666,local_stable_slip_windows_1based_frames_v2,unknown,-1.3495732545852661,1.463609218597412,1.332160234451294,1.332160234451294,1.9908540665390808,2.395443759412548,1.4944542860527668,0.9999735355377197,-0.01156914234161377,0.008732318878173828,-0.02997446060180664,1.4134650481306688e-12,1.0,9.950835067642745e-16,1.0,1.481680961348369e-22,1.0,test,0.9892995836498661
hammer_1,hammer,right,slip,0,1,50,80,fill only if visible slip/instability occurs; recommended about 30 frames; delete or keep empty [] if no slip,57,057.png,0.9333333333333333,local_stable_slip_windows_1based_frames_v2,unknown,-1.342387318611145,1.4632302522659302,1.3193655014038086,1.3193655014038086,1.9857105741558203,2.3840662345263732,1.5050485002029537,0.9999974966049194,-0.02365875244140625,0.012577176094055176,-0.031713247299194336,9.368325342914985e-13,1.0,6.726756619849757e-16,1.0,9.741559383773959e-23,1.0,test,0.9888328658645377
hammer_1,hammer,right,slip,0,1,50,80,fill only if visible slip/instability occurs; recommended about 30 frames; delete or keep empty [] if no slip,58,058.png,0.95,local_stable_slip_windows_1based_frames_v2,unknown,-1.3305636644363403,1.4576470851898193,1.3203585147857666,1.3203585147857666,1.9736095586717852,2.3745486513541714,1.4947516464801718,0.9999986886978149,0.0041463375091552734,0.003344297409057617,-0.037122488021850586,1.0465883801963338e-12,1.0,1.3306853720047168e-15,1.0,3.072812397437191e-22,1.0,test,0.9889076155567624
hammer_1,hammer,right,slip,0,1,50,80,fill only if visible slip/instability occurs; recommended about 30 frames; delete or keep empty [] if no slip,59,059.png,0.9666666666666667,local_stable_slip_windows_1based_frames_v2,unknown,-1.3512370586395264,1.4618409872055054,1.3406362533569336,1.3406362533569336,1.9906834656757375,2.4000262965912857,1.48487852377002,0.9999978542327881,-0.016750574111938477,0.005282759666442871,-0.006373167037963867,1.6887688079544882e-12,1.0,7.472274256562406e-16,1.0,9.374694255546772e-23,1.0,test,0.9912608942203373
hammer_1,hammer,right,slip,0,1,50,80,fill only if visible slip/instability occurs; recommended about 30 frames; delete or keep empty [] if no slip,60,060.png,0.9833333333333333,local_stable_slip_windows_1based_frames_v2,unknown,-1.340895652770996,1.4567815065383911,1.3415136337280273,1.3415136337280273,1.9799529058572125,2.3916254595756827,1.4759085410458663,0.9999983310699463,-0.004385590553283691,-0.004607081413269043,0.015502452850341797,4.468823748549067e-12,1.0,1.7697105953796196e-15,1.0,3.0965110412074787e-22,1.0,test,0.992943383160293
hammer_1,hammer,right,slip,0,1,50,80,fill only if visible slip/instability occurs; recommended about 30 frames; delete or keep empty [] if no slip,61,061.png,1.0,local_stable_slip_windows_1based_frames_v2,unknown,-1.3393990993499756,1.4544305801391602,1.3454170227050781,1.3454170227050781,1.97720971568103,2.391548708424743,1.4695876540331165,0.9999995231628418,0.010174155235290527,-0.009178638458251953,0.01325678825378418,3.883011100158651e-12,1.0,4.999701968419154e-16,1.0,4.2985857451721605e-23,1.0,test,0.993008351468594
hammer_1,hammer,right,slip,0,1,50,80,fill only if visible slip/instability occurs; recommended about 30 frames; delete or keep empty [] if no slip,62,062.png,1.0166666666666666,local_stable_slip_windows_1based_frames_v2,unknown,-1.3276270627975464,1.4503651857376099,1.3408098220825195,1.3408098220825195,1.966253490746331,2.379899949339276,1.4664660057653673,0.9999992847442627,0.014760255813598633,-0.012865066528320312,0.021444320678710938,6.232789891841284e-12,1.0,2.6578970618927437e-15,1.0,6.089956206079256e-22,1.0,test,0.9935524339040045
hammer_1,hammer,right,slip,0,1,50,80,fill only if visible slip/instability occurs; recommended about 30 frames; delete or keep empty [] if no slip,63,063.png,1.0333333333333334,local_stable_slip_windows_1based_frames_v2,unknown,-1.3089247941970825,1.444239854812622,1.3273533582687378,1.3273533582687378,1.949131312942527,2.358172981950297,1.4684332791770618,0.9999991655349731,0.021638870239257812,-0.013407230377197266,0.006994843482971191,4.4346562012853585e-12,1.0,2.6395897999905577e-14,1.0,3.449078521173594e-20,1.0,test,0.9927839384670949
hammer_1,hammer,right,slip,0,1,50,80,fill only if visible slip/instability occurs; recommended about 30 frames; delete or keep empty [] if no slip,64,064.png,1.05,local_stable_slip_windows_1based_frames_v2,unknown,-1.3248026371002197,1.4436838626861572,1.3395485877990723,1.3395485877990723,1.9594195882067016,2.3735449314733033,1.4627450943612308,0.9999958276748657,0.02643442153930664,-0.018157124519348145,-0.0010876655578613281,8.445643815378767e-13,1.0,1.0629924674862568e-16,1.0,5.8272756693919005e-24,1.0,test,0.9923355383831886
hammer_1,hammer,right,slip,0,1,50,80,fill only if visible slip/instability occurs; recommended about 30 frames; delete or keep empty [] if no slip,65,065.png,1.0666666666666667,local_stable_slip_windows_1based_frames_v2,unknown,-1.2994729280471802,1.4258168935775757,1.3321350812911987,1.3321350812911987,1.929140664839845,2.3443906627406252,1.448155854295297,0.9999982118606567,0.04142272472381592,-0.03096461296081543,-0.009378552436828613,9.396295590560766e-13,1.0,6.17145293693727e-16,1.0,1.0746090442861326e-22,1.0,test,0.9920726116154438
hammer_1,hammer,right,slip,0,1,50,80,fill only if visible slip/instability occurs; recommended about 30 frames; delete or keep empty [] if no slip,66,066.png,1.0833333333333333,local_stable_slip_windows_1based_frames_v2,unknown,-1.3203226327896118,1.4285680055618286,1.351299524307251,1.351299524307251,1.9452656376884347,2.3685583812868947,1.4395507162891705,0.9999979734420776,0.01907646656036377,-0.025862574577331543,0.0058825016021728516,4.0538958908514777e-13,1.0,4.261143997769955e-18,1.0,4.180095975121993e-26,1.0,test,0.9928620486193959
hammer_1,hammer,right,slip,0,1,50,80,fill only if visible slip/instability occurs; recommended about 30 frames; delete or keep empty [] if no slip,67,067.png,1.1,local_stable_slip_windows_1based_frames_v2,unknown,-1.3137024641036987,1.4240316152572632,1.3636255264282227,1.3636255264282227,1.937441665042935,2.369209737817863,1.420800803954525,0.9999983310699463,0.013924598693847656,-0.02633357048034668,0.022815704345703125,9.63586849200837e-13,1.0,1.8088036209674636e-17,1.0,3.7506909428702058e-25,1.0,test,0.9939161372965168
hammer_1,hammer,right,slip,0,1,50,80,fill only if visible slip/instability occurs; recommended about 30 frames; delete or keep empty [] if no slip,68,068.png,1.1166666666666667,local_stable_slip_windows_1based_frames_v2,unknown,-1.2957485914230347,1.4170470237731934,1.3688571453094482,1.3688571453094482,1.9201527751091172,2.3581256463606803,1.4027405116364644,0.9999995231628418,0.013176202774047852,-0.02719283103942871,0.04150378704071045,2.8608493612275465e-12,1.0,2.540715135837795e-15,1.0,9.921050988131686e-22,1.0,test,0.9949332257258431
hammer_1,hammer,right,slip,0,1,50,80,fill only if visible slip/instability occurs; recommended about 30 frames; delete or keep empty [] if no slip,69,069.png,1.1333333333333333,local_stable_slip_windows_1based_frames_v2,unknown,-1.3125284910202026,1.4131741523742676,1.3914971351623535,1.3914971351623535,1.928676288203518,2.3782465183078765,1.386043027631143,0.9999997615814209,0.01227414608001709,-0.03050971031188965,0.05194854736328125,1.2149763617061438e-12,1.0,2.710077365246765e-18,1.0,2.1192829878192124e-26,1.0,test,0.995438533987487
hammer_1,hammer,right,slip,0,1,50,80,fill only if visible slip/instability occurs; recommended about 30 frames; delete or keep empty [] if no slip,70,070.png,1.15,local_stable_slip_windows_1based_frames_v2,unknown,-1.2980859279632568,1.4040634632110596,1.3804583549499512,1.3804583549499512,1.9121771061019595,2.3584076311892286,1.3851745067650223,0.9999997615814209,0.0013870000839233398,-0.021753430366516113,0.04832327365875244,6.381384136389112e-13,1.0,5.121871850643259e-19,1.0,1.9489286294111305e-27,1.0,test,0.995251503285779
hammer_1,hammer,right,slip,0,1,50,80,fill only if visible slip/instability occurs; recommended about 30 frames; delete or keep empty [] if no slip,71,071.png,1.1666666666666667,local_stable_slip_windows_1based_frames_v2,unknown,-1.2638187408447266,1.3871084451675415,1.3619933128356934,1.3619933128356934,1.8765147610305293,2.3186921815054733,1.3777698947388382,0.9999997615814209,0.056503891944885254,-0.04145956039428711,0.010693788528442383,2.5168858967458685e-13,1.0,7.609999596941913e-18,1.0,1.6079300062122979e-25,1.0,test,0.994005726582598
hammer_1,hammer,right,slip,0,1,50,80,fill only if visible slip/instability occurs; recommended about 30 frames; delete or keep empty [] if no slip,72,072.png,1.1833333333333333,local_stable_slip_windows_1based_frames_v2,unknown,-1.2400141954421997,1.3726043701171875,1.3596237897872925,1.3596237897872925,1.8497778141611945,2.295703554799384,1.3605060955460988,0.9999992847442627,0.07368826866149902,-0.051427245140075684,-0.004001736640930176,9.34348085013248e-14,1.0,9.253450309768394e-19,1.0,7.201041276856186e-27,1.0,test,0.9934993919405148
hammer_1,hammer,right,slip,0,1,50,80,fill only if visible slip/instability occurs; recommended about 30 frames; delete or keep empty [] if no slip,73,073.png,1.2,local_stable_slip_windows_1based_frames_v2,unknown,-1.2061225175857544,1.3376483917236328,1.3407082557678223,1.3407082557678223,1.8011204144388069,2.2453359157133295,1.3434086523161264,0.9999994039535522,0.08962607383728027,-0.07939863204956055,-0.028148889541625977,4.152277480184985e-14,1.0,9.056489300137627e-19,1.0,8.267663650516614e-27,1.0,test,0.9922594736102213
hammer_1,hammer,right,slip,0,1,50,80,fill only if visible slip/instability occurs; recommended about 30 frames; delete or keep empty [] if no slip,74,074.png,1.2166666666666666,local_stable_slip_windows_1based_frames_v2,unknown,-1.1855523586273193,1.333467960357666,1.3280248641967773,1.3280248641967773,1.7842845054383099,2.2242574572814413,1.3435615627241484,0.9999996423721313,0.1269761323928833,-0.07970619201660156,-0.06347227096557617,5.810897586949835e-15,1.0,1.0682748421025386e-20,1.0,1.180227474123896e-29,1.0,test,0.9901562932575043
hammer_1,hammer,right,slip,0,1,50,80,fill only if visible slip/instability occurs; recommended about 30 frames; delete or keep empty [] if no slip,75,075.png,1.2333333333333334,local_stable_slip_windows_1based_frames_v2,unknown,-1.1603567600250244,1.304680347442627,1.311492919921875,1.311492919921875,1.746029386791295,2.1837198305973207,1.331328617135568,0.9999996423721313,0.13772916793823242,-0.09938311576843262,-0.06896543502807617,6.201120160035734e-15,1.0,2.9854965771472217e-21,1.0,1.7378529171257273e-30,1.0,test,0.9899136315389289
hammer_1,hammer,right,slip,0,1,50,80,fill only if visible slip/instability occurs; recommended about 30 frames; delete or keep empty [] if no slip,76,076.png,1.25,local_stable_slip_windows_1based_frames_v2,unknown,-1.1444847583770752,1.323943853378296,1.2900564670562744,1.2900564670562744,1.7500493390346465,2.174147735837958,1.3565669621121665,0.9999991655349731,0.11933398246765137,-0.0631645917892456,-0.07193684577941895,3.3242635989700958e-15,1.0,1.3348197994742044e-21,1.0,6.018243315193031e-31,1.0,test,0.9892803404521431
hammer_1,hammer,right,slip,0,1,50,80,fill only if visible slip/instability occurs; recommended about 30 frames; delete or keep empty [] if no slip,77,077.png,1.2666666666666666,local_stable_slip_windows_1based_frames_v2,unknown,-1.1307368278503418,1.2834845781326294,1.289958119392395,1.289958119392395,1.7105257776956613,2.1424029466810652,1.3260309974019675,0.9999992847442627,0.10927736759185791,-0.0891197919845581,-0.06966567039489746,7.096991756479296e-15,1.0,1.2807049006309037e-21,1.0,5.344575496098363e-31,1.0,test,0.9895402668662072
hammer_1,hammer,right,slip,0,1,50,80,fill only if visible slip/instability occurs; recommended about 30 frames; delete or keep empty [] if no slip,78,078.png,1.2833333333333334,local_stable_slip_windows_1based_frames_v2,unknown,-1.154581069946289,1.3334581851959229,1.2680466175079346,1.2680466175079346,1.7638503844556437,2.172351353468779,1.390996962655156,0.9999995231628418,0.05154144763946533,-0.004190206527709961,-0.0726616382598877,2.0779789191704024e-15,1.0,2.2315501759638615e-22,1.0,5.464119745093938e-32,1.0,test,0.9879326653566085
hammer_1,hammer,right,slip,0,1,50,80,fill only if visible slip/instability occurs; recommended about 30 frames; delete or keep empty [] if no slip,79,079.png,1.3,local_stable_slip_windows_1based_frames_v2,unknown,-1.173769474029541,1.3688733577728271,1.2702062129974365,1.2702062129974365,1.8032052151055464,2.2056683502560235,1.4196150019100748,0.9999988079071045,0.01178288459777832,0.03540539741516113,-0.05781865119934082,3.108973658282944e-15,1.0,1.7437435832886652e-22,1.0,4.1487089465555625e-32,1.0,test,0.9885378054248932
hammer_1,hammer,right,slip,0,1,50,80,fill only if visible slip/instability occurs; recommended about 30 frames; delete or keep empty [] if no slip,80,080.png,1.3166666666666667,local_stable_slip_windows_1based_frames_v2,unknown,-1.1433848142623901,1.3711843490600586,1.226912260055542,1.226912260055542,1.785350204467767,2.1662846180656166,1.4551560102846592,0.9999988079071045,0.016971945762634277,0.06650400161743164,-0.08458065986633301,1.1867323343770853e-15,1.0,3.7700457832304617e-23,1.0,5.189945312124636e-33,1.0,test,0.9855094069434771
hammer_2,hammer,left,stable,0,0,90,116,fill a stable/contact-stable window; recommended about 30 frames,90,090.png,1.4833333333333334,local_stable_slip_windows_1based_frames_v2,unknown,-1.3560655117034912,1.4709415435791016,1.3382481336593628,1.3382481336593628,2.0006455699744823,2.406967129792447,1.4949724379823328,0.7483201026916504,0.0006010532379150391,-7.390975952148438e-05,0.001189589500427246,1.534169458139445e-09,1.0,5.411966985668926e-10,1.0,9.826007737502584e-14,1.0,test,0.9659317806503818
hammer_2,hammer,left,stable,0,0,90,116,fill a stable/contact-stable window; recommended about 30 frames,91,091.png,1.5,local_stable_slip_windows_1based_frames_v2,unknown,-1.357102870941162,1.470796823501587,1.3391082286834717,1.3391082286834717,2.0012424886402704,2.407941516413322,1.4944579917560323,0.7006679177284241,-0.0004363059997558594,-0.0002186298370361328,0.002049684524536133,1.6888552778482335e-09,1.0,4.21775531167512e-10,1.0,5.991780964616222e-14,1.0,test,0.9557901490144043
hammer_2,hammer,left,stable,0,0,90,116,fill a stable/contact-stable window; recommended about 30 frames,92,092.png,1.5166666666666666,local_stable_slip_windows_1based_frames_v2,unknown,-1.3583197593688965,1.470824122428894,1.3398181200027466,1.3398181200027466,2.0020879520667174,2.4090389707305273,1.4942971944321957,0.706622302532196,-0.0016531944274902344,-0.0001913309097290039,0.002759575843811035,2.030793755380955e-09,1.0,5.94988336377611e-10,1.0,1.0260533606564967e-13,1.0,test,0.9574011363129434
hammer_2,hammer,left,stable,0,0,90,116,fill a stable/contact-stable window; recommended about 30 frames,93,093.png,1.5333333333333334,local_stable_slip_windows_1based_frames_v2,unknown,-1.3579310178756714,1.4708164930343628,1.3406240940093994,1.3406240940093994,2.0018186245239,2.4092635320631244,1.4931979368945518,0.6408386826515198,-0.0012644529342651367,-0.0001989603042602539,0.003565549850463867,2.1893420409924147e-09,1.0,5.091525534517416e-10,1.0,7.533459533276554e-14,1.0,test,0.9392658843500882
hammer_2,hammer,left,stable,0,0,90,116,fill a stable/contact-stable window; recommended about 30 frames,94,094.png,1.55,local_stable_slip_windows_1based_frames_v2,unknown,-1.3578753471374512,1.4712183475494385,1.339134931564331,1.339134931564331,2.002076143539439,2.408649258290953,1.4950507236413895,0.7405357956886292,-0.0012087821960449219,0.0002028942108154297,0.002076387405395508,1.8044794547478205e-09,1.0,7.345625219201679e-10,1.0,1.5819091099978505e-13,1.0,test,0.9645638450982544
hammer_2,hammer,left,stable,0,0,90,116,fill a stable/contact-stable window; recommended about 30 frames,95,095.png,1.5666666666666667,local_stable_slip_windows_1based_frames_v2,unknown,-1.3566323518753052,1.4705435037612915,1.3393758535385132,1.3393758535385132,2.0007372477687464,2.4076704948250867,1.49378215883228,0.6560510993003845,-0.0005668401718139648,-0.0003980398178100586,0.0011277198791503906,1.8007386692886485e-09,1.0,3.3470873295193826e-10,1.0,3.838185804881829e-14,1.0,test,0.9430281286439427
hammer_2,hammer,left,stable,0,0,90,116,fill a stable/contact-stable window; recommended about 30 frames,96,096.png,1.5833333333333333,local_stable_slip_windows_1based_frames_v2,unknown,-1.3575475215911865,1.4703446626663208,1.3425543308258057,1.3425543308258057,2.0012118079827808,2.409834191729555,1.4905991299083634,0.7508735656738281,-0.00044465065002441406,-0.0004521608352661133,0.0034461021423339844,1.871261590125073e-09,1.0,7.857052786164331e-10,1.0,1.7616733538530077e-13,1.0,test,0.9671345098455985
hammer_2,hammer,left,stable,0,0,90,116,fill a stable/contact-stable window; recommended about 30 frames,97,097.png,1.6,local_stable_slip_windows_1based_frames_v2,unknown,-1.3582031726837158,1.4709786176681519,1.338829517364502,1.338829517364502,2.002122361876271,2.408517890423794,1.4954262962405909,0.7580592632293701,0.00011658668518066406,0.0001544952392578125,-0.000988602638244629,1.3500549567169173e-09,1.0,4.837081846176261e-10,1.0,8.425881926855602e-14,1.0,test,0.9671075963999807
hammer_2,hammer,left,stable,0,0,90,116,fill a stable/contact-stable window; recommended about 30 frames,98,098.png,1.6166666666666667,local_stable_slip_windows_1based_frames_v2,unknown,-1.3567390441894531,1.470689058303833,1.3395929336547852,1.3395929336547852,2.0009165750332336,2.4079402750360233,1.4936739595215816,0.7276083827018738,0.0011919736862182617,-0.00012743473052978516,-0.0010311603546142578,1.5133372333053785e-09,1.0,5.425082050258823e-10,1.0,9.843453228084234e-14,1.0,test,0.9611089847352557
hammer_2,hammer,left,stable,0,0,90,116,fill a stable/contact-stable window; recommended about 30 frames,99,099.png,1.6333333333333333,local_stable_slip_windows_1based_frames_v2,unknown,-1.358276128768921,1.4708869457244873,1.3415765762329102,1.3415765762329102,2.0021045050361876,2.410031153114626,1.4923509012859382,0.7380806803703308,-0.00040078163146972656,-0.0003314018249511719,0.0024416446685791016,2.0702628500401943e-09,1.0,8.502242798691384e-10,1.0,1.9453587503902303e-13,1.0,test,0.9643193415233148
hammer_2,hammer,left,stable,0,0,90,116,fill a stable/contact-stable window; recommended about 30 frames,100,100.png,1.65,local_stable_slip_windows_1based_frames_v2,unknown,-1.3569600582122803,1.4711310863494873,1.3363902568817139,1.3363902568817139,2.0013913342490763,2.4065548386637006,1.4976088207274336,0.7256354093551636,-0.00032770633697509766,0.0005875825881958008,-0.0029855966567993164,1.3032726009498674e-09,1.0,3.693964856221754e-10,1.0,5.257286508800023e-14,1.0,test,0.9597819614968309
hammer_2,hammer,left,stable,0,0,90,116,fill a stable/contact-stable window; recommended about 30 frames,101,101.png,1.6666666666666667,local_stable_slip_windows_1based_frames_v2,unknown,-1.3596174716949463,1.47122323513031,1.342288851737976,1.342288851737976,2.003261709544076,2.411388985299864,1.4924211093083093,0.7366650104522705,-0.0020699501037597656,0.0008785724639892578,-0.00026547908782958984,1.6319130491382339e-09,1.0,6.365457050350187e-10,1.0,1.274308891914544e-13,1.0,test,0.9631322932292679
hammer_2,hammer,left,stable,0,0,90,116,fill a stable/contact-stable window; recommended about 30 frames,102,102.png,1.6833333333333333,local_stable_slip_windows_1based_frames_v2,unknown,-1.3580858707427979,1.471430778503418,1.3362655639648438,1.3362655639648438,2.002375031865509,2.4073037668056516,1.498484722931517,0.7491079568862915,0.00011730194091796875,0.0004521608352661133,-0.002563953399658203,1.2902725554653216e-09,1.0,4.4621678574330303e-10,1.0,7.405468789188283e-14,1.0,test,0.9648413552811771
hammer_2,hammer,left,stable,0,0,90,116,fill a stable/contact-stable window; recommended about 30 frames,103,103.png,1.7,local_stable_slip_windows_1based_frames_v2,unknown,-1.3578555583953857,1.4707529544830322,1.3390896320343018,1.3390896320343018,2.0017207523992484,2.4083286763246363,1.494835901703159,0.7278153300285339,-0.0011165142059326172,6.389617919921875e-05,-0.0005033016204833984,1.5563064170720509e-09,1.0,5.083781728920655e-10,1.0,8.65453542164829e-14,1.0,test,0.9611319748637355
hammer_2,hammer,left,stable,0,0,90,116,fill a stable/contact-stable window; recommended about 30 frames,104,104.png,1.7166666666666666,local_stable_slip_windows_1based_frames_v2,unknown,-1.3583033084869385,1.4711333513259888,1.3394969701766968,1.3394969701766968,2.002303976730356,2.4090399225298755,1.494816730828063,0.7372274994850159,-2.7179718017578125e-05,0.00024640560150146484,-0.002079606056213379,1.4372028012132887e-09,1.0,5.678674752651602e-10,1.0,1.0981753023218618e-13,1.0,test,0.9627048636194392
hammer_2,hammer,left,stable,0,0,90,116,fill a stable/contact-stable window; recommended about 30 frames,105,105.png,1.7333333333333334,local_stable_slip_windows_1based_frames_v2,unknown,-1.3570401668548584,1.4710519313812256,1.3370683193206787,1.3370683193206787,2.001387468552228,2.40692822697498,1.4968464533828865,0.7486839294433594,-8.0108642578125e-05,-7.915496826171875e-05,0.0006780624389648438,1.5229942862404755e-09,1.0,5.785664169977167e-10,1.0,1.106769298604704e-13,1.0,test,0.9657443367777768
hammer_2,hammer,left,stable,0,0,90,116,fill a stable/contact-stable window; recommended about 30 frames,106,106.png,1.75,local_stable_slip_windows_1based_frames_v2,unknown,-1.3588839769363403,1.471048355102539,1.3421964645385742,1.3421964645385742,2.0026354949975818,2.4108173458899906,1.4920572776421206,0.7304778695106506,0.000733494758605957,-0.0001748800277709961,-9.238719940185547e-05,1.6186976203869108e-09,1.0,5.28847465819382e-10,1.0,9.140958660575765e-14,1.0,test,0.9620516147369671
hammer_2,hammer,left,stable,0,0,90,116,fill a stable/contact-stable window; recommended about 30 frames,107,107.png,1.7666666666666666,local_stable_slip_windows_1based_frames_v2,unknown,-1.3574789762496948,1.4708034992218018,1.3385529518127441,1.3385529518127441,2.001502461722947,2.4078488551172863,1.4952721621809872,0.7218009233474731,0.0006068944931030273,-0.0006272792816162109,0.0022873878479003906,1.9884629498534423e-09,1.0,6.543685593385362e-10,1.0,1.2346810314596557e-13,1.0,test,0.9608005005844069
hammer_2,hammer,left,stable,0,0,90,116,fill a stable/contact-stable window; recommended about 30 frames,108,108.png,1.7833333333333334,local_stable_slip_windows_1based_frames_v2,unknown,-1.3576958179473877,1.4710391759872437,1.3385372161865234,1.3385372161865234,2.001822717265706,2.4081063245790086,1.4955289980205952,0.693140983581543,0.00015974044799804688,0.0002862215042114258,-0.0005524158477783203,1.7396989404616647e-09,1.0,4.705658640524746e-10,1.0,7.173944869143939e-14,1.0,test,0.952901923846424
hammer_2,hammer,left,stable,0,0,90,116,fill a stable/contact-stable window; recommended about 30 frames,109,109.png,1.8,local_stable_slip_windows_1based_frames_v2,unknown,-1.3576127290725708,1.4711189270019531,1.3385121822357178,1.3385121822357178,2.0018249722498846,2.408094284183382,1.4955586533008496,0.7231239676475525,0.0006905794143676758,-1.4424324035644531e-05,-0.000984787940979004,1.449140807352478e-09,1.0,5.406446956790489e-10,1.0,1.0128738668103987e-13,1.0,test,0.9600213368635491
hammer_2,hammer,left,stable,0,0,90,116,fill a stable/contact-stable window; recommended about 30 frames,110,110.png,1.8166666666666667,local_stable_slip_windows_1based_frames_v2,unknown,-1.3563876152038574,1.4705684185028076,1.3386462926864624,1.3386462926864624,2.0005896221304997,2.4071420259509964,1.4944859882513335,0.7273992896080017,0.0006525516510009766,-0.00048351287841796875,0.0015779733657836914,1.8249491917643468e-09,1.0,6.095397520056167e-10,1.0,1.1262888001796825e-13,1.0,test,0.9618283484470113
hammer_2,hammer,left,stable,0,0,90,116,fill a stable/contact-stable window; recommended about 30 frames,111,111.png,1.8333333333333333,local_stable_slip_windows_1based_frames_v2,unknown,-1.3576656579971313,1.4708588123321533,1.3407840728759766,1.3407840728759766,2.0016697241852706,2.4092288423472414,1.4929087179436598,0.749344527721405,0.0012183189392089844,-0.0001895427703857422,-0.0014123916625976562,1.4129981629196209e-09,1.0,4.829835975606045e-10,1.0,8.217974640633424e-14,1.0,test,0.9654833373563445
hammer_2,hammer,left,stable,0,0,90,116,fill a stable/contact-stable window; recommended about 30 frames,112,112.png,1.85,local_stable_slip_windows_1based_frames_v2,unknown,-1.3589560985565186,1.4710471630096436,1.3408148288726807,1.3408148288726807,2.002683558029744,2.4100883467058942,1.4936306052663046,0.6844907402992249,-0.0014771223068237305,0.00024366378784179688,0.0022618770599365234,1.9428745279270743e-09,1.0,5.387958412761407e-10,1.0,8.725408362410952e-14,1.0,test,0.9516875355201249
hammer_2,hammer,left,stable,0,0,90,116,fill a stable/contact-stable window; recommended about 30 frames,113,113.png,1.8666666666666667,local_stable_slip_windows_1based_frames_v2,unknown,-1.3585655689239502,1.4713879823684692,1.3410719633102417,1.3410719633102417,2.0026689690820128,2.4102192868079033,1.4933333411917564,0.7068935036659241,-0.0008697509765625,0.00034880638122558594,0.0025347471237182617,1.7556927023321123e-09,1.0,5.523563273435173e-10,1.0,9.656802403079992e-14,1.0,test,0.9574935886375732
hammer_2,hammer,left,stable,0,0,90,116,fill a stable/contact-stable window; recommended about 30 frames,114,114.png,1.8833333333333333,local_stable_slip_windows_1based_frames_v2,unknown,-1.357313632965088,1.4707802534103394,1.339054822921753,1.339054822921753,2.0013732415655676,2.4080204880450404,1.4946152410574425,0.7570316791534424,0.00029909610748291016,-0.00033867359161376953,0.0005426406860351562,1.6103184341531573e-09,1.0,6.726968981851655e-10,1.0,1.4170435658211744e-13,1.0,test,0.9673708771001447
hammer_2,hammer,left,stable,0,0,90,116,fill a stable/contact-stable window; recommended about 30 frames,115,115.png,1.9,local_stable_slip_windows_1based_frames_v2,unknown,-1.3572391271591187,1.4710031747817993,1.3396248817443848,1.3396248817443848,2.001486544673678,2.40843169143292,1.4940638068797656,0.7130075097084045,-0.0008515119552612305,0.0004347562789916992,0.0009785890579223633,1.929623794083568e-09,1.0,6.134866503693104e-10,1.0,1.1124667132584795e-13,1.0,test,0.9583630628568786
hammer_2,hammer,left,stable,0,0,90,116,fill a stable/contact-stable window; recommended about 30 frames,116,116.png,1.9166666666666667,local_stable_slip_windows_1based_frames_v2,unknown,-1.3580718040466309,1.470862865447998,1.3397929668426514,1.3397929668426514,2.0019481996046666,2.4089088376070604,1.4942209393004233,0.725970983505249,-0.0004061460494995117,4.0531158447265625e-06,-0.0009911060333251953,1.5759166194229124e-09,1.0,5.369911737496125e-10,1.0,9.502193140404486e-14,1.0,test,0.9606368711444332
hammer_2,hammer,left,slip,0,1,34,54,fill only if visible slip/instability occurs; recommended about 30 frames; delete or keep empty [] if no slip,34,034.png,0.55,local_stable_slip_windows_1based_frames_v2,unknown,-1.1610260009765625,1.2805380821228027,1.322073221206665,1.322073221206665,1.728513567985619,2.176151823045015,1.3074255138323432,0.9986758828163147,0.0,0.0,0.0,4.1647090220919836e-09,1.0,2.25392732255969e-10,1.0,1.4152791453700669e-14,1.0,test,0.9935988693160943
hammer_2,hammer,left,slip,0,1,34,54,fill only if visible slip/instability occurs; recommended about 30 frames; delete or keep empty [] if no slip,35,035.png,0.5666666666666667,local_stable_slip_windows_1based_frames_v2,unknown,-1.1630667448043823,1.3360645771026611,1.335127830505371,1.335127830505371,1.7713816096647201,2.2181882541498488,1.3267495759148722,0.9999828338623047,-0.0020407438278198242,0.0555264949798584,0.013054609298706055,2.747228888821951e-09,1.0,1.8816830038570487e-10,1.0,1.1765054703301737e-14,1.0,test,0.9943638000054297
hammer_2,hammer,left,slip,0,1,34,54,fill only if visible slip/instability occurs; recommended about 30 frames; delete or keep empty [] if no slip,36,036.png,0.5833333333333334,local_stable_slip_windows_1based_frames_v2,unknown,-1.1685147285461426,1.298602819442749,1.3405852317810059,1.3405852317810059,1.7469390239770597,2.2020364931497514,1.303115743368633,0.9999494552612305,-0.007488727569580078,0.01806473731994629,0.01851201057434082,3.7070595482191493e-09,1.0,4.0486314301091397e-10,1.0,4.040970574652192e-14,1.0,test,0.9946014155178624
hammer_2,hammer,left,slip,0,1,34,54,fill only if visible slip/instability occurs; recommended about 30 frames; delete or keep empty [] if no slip,37,037.png,0.6,local_stable_slip_windows_1based_frames_v2,unknown,-1.1599476337432861,1.315812587738037,1.3579283952713013,1.3579283952713013,1.7540927224854785,2.218290063485975,1.2917407404197387,0.9999957084655762,0.0010783672332763672,0.035274505615234375,0.03585517406463623,4.841774092767537e-09,1.0,4.4167897117475263e-10,1.0,4.209420694499012e-14,1.0,test,0.9955316447850229
hammer_2,hammer,left,slip,0,1,34,54,fill only if visible slip/instability occurs; recommended about 30 frames; delete or keep empty [] if no slip,38,038.png,0.6166666666666667,local_stable_slip_windows_1based_frames_v2,unknown,-1.2043488025665283,1.4345715045928955,1.2982361316680908,1.2982361316680908,1.8730860738453412,2.2790060319362655,1.4427919431318632,0.9999886751174927,-0.04332280158996582,0.15403342247009277,-0.02383708953857422,2.4259401779080925e-11,1.0,2.4317124702744053e-11,1.0,2.8324699170471446e-15,1.0,test,0.9910241000772091
hammer_2,hammer,left,slip,0,1,34,54,fill only if visible slip/instability occurs; recommended about 30 frames; delete or keep empty [] if no slip,39,039.png,0.6333333333333333,local_stable_slip_windows_1based_frames_v2,unknown,-1.302549958229065,1.4585020542144775,1.3227932453155518,1.3227932453155518,1.9554704384956552,2.3608571760449295,1.4782876818678472,0.983346700668335,-0.14152395725250244,0.1779639720916748,0.0007200241088867188,2.5873695547184994e-11,1.0,2.800644698791599e-12,1.0,4.250787861936913e-17,1.0,test,0.9902364201626072
hammer_2,hammer,left,slip,0,1,34,54,fill only if visible slip/instability occurs; recommended about 30 frames; delete or keep empty [] if no slip,40,040.png,0.65,local_stable_slip_windows_1based_frames_v2,unknown,-1.3184661865234375,1.457146406173706,1.3489792346954346,1.3489792346954346,1.965102728620212,2.3835632380262295,1.4567320395645993,0.9747573733329773,-0.15539944171905518,0.12108182907104492,0.013851404190063477,6.000893532087659e-11,1.0,1.5176629050706048e-11,1.0,6.01532835349495e-16,1.0,test,0.9904699970895673
hammer_2,hammer,left,slip,0,1,34,54,fill only if visible slip/instability occurs; recommended about 30 frames; delete or keep empty [] if no slip,41,041.png,0.6666666666666666,local_stable_slip_windows_1based_frames_v2,unknown,-1.3152720928192139,1.4583066701889038,1.3489264249801636,1.3489264249801636,1.9638225537116338,2.3824780214046566,1.4558400380513523,0.9917964935302734,-0.1467573642730713,0.15970385074615479,0.008341193199157715,3.01081035103401e-11,1.0,4.845388413415863e-12,1.0,1.0077310453906511e-16,1.0,test,0.9913121324582581
hammer_2,hammer,left,slip,0,1,34,54,fill only if visible slip/instability occurs; recommended about 30 frames; delete or keep empty [] if no slip,42,042.png,0.6833333333333333,local_stable_slip_windows_1based_frames_v2,unknown,-1.3230314254760742,1.4536044597625732,1.3764700889587402,1.3764700889587402,1.965547780706156,2.399593295547597,1.4279615434516937,0.9996590614318848,-0.16308379173278809,0.13779187202453613,0.018541693687438965,6.056790485819974e-11,1.0,2.470614164640228e-11,1.0,1.4476556457019706e-15,1.0,test,0.9923171604276635
hammer_2,hammer,left,slip,0,1,34,54,fill only if visible slip/instability occurs; recommended about 30 frames; delete or keep empty [] if no slip,43,043.png,0.7,local_stable_slip_windows_1based_frames_v2,unknown,-1.328951120376587,1.4531346559524536,1.3888721466064453,1.3888721466064453,1.9691905465648167,2.4097048052198087,1.4178332638774906,0.9997238516807556,-0.1246023178100586,0.018563151359558105,0.09063601493835449,1.8015874347909744e-09,1.0,1.1258851628781485e-09,1.0,3.388280866815918e-13,1.0,test,0.9958507890643151
hammer_2,hammer,left,slip,0,1,34,54,fill only if visible slip/instability occurs; recommended about 30 frames; delete or keep empty [] if no slip,44,044.png,0.7166666666666667,local_stable_slip_windows_1based_frames_v2,unknown,-1.3319061994552612,1.4604644775390625,1.368757724761963,1.368757724761963,1.9765957134175933,2.4042521339069975,1.4440789875230478,0.9996398687362671,-0.02935624122619629,0.001962423324584961,0.04596447944641113,7.385383415936531e-10,1.0,9.036342230039907e-10,1.0,3.584906893908113e-13,1.0,test,0.9945597142352623
hammer_2,hammer,left,slip,0,1,34,54,fill only if visible slip/instability occurs; recommended about 30 frames; delete or keep empty [] if no slip,45,045.png,0.7333333333333333,local_stable_slip_windows_1based_frames_v2,unknown,-1.3432958126068115,1.461734652519226,1.365893840789795,1.365893840789795,1.9852233714477816,2.4097256729449503,1.453423288647811,0.9674444198608398,-0.024829626083374023,0.0045882463455200195,0.01691460609436035,4.731073866004465e-10,1.0,2.8867513934827116e-10,1.0,5.106881917674687e-14,1.0,test,0.9915610215029032
hammer_2,hammer,left,slip,0,1,34,54,fill only if visible slip/instability occurs; recommended about 30 frames; delete or keep empty [] if no slip,46,046.png,0.75,local_stable_slip_windows_1based_frames_v2,unknown,-1.3476998805999756,1.4626600742340088,1.3509012460708618,1.3509012460708618,1.9888864876929062,2.404288592819762,1.4722652904587583,0.8290712237358093,-0.03242778778076172,0.0043534040451049805,0.001974821090698242,6.902853844081847e-10,1.0,2.756249395385879e-10,1.0,3.968491659421536e-14,1.0,test,0.978051998544666
hammer_2,hammer,left,slip,0,1,34,54,fill only if visible slip/instability occurs; recommended about 30 frames; delete or keep empty [] if no slip,47,047.png,0.7666666666666667,local_stable_slip_windows_1based_frames_v2,unknown,-1.352296233177185,1.4666526317596436,1.3414645195007324,1.3414645195007324,1.9949373535308552,2.40401790791833,1.487132784652812,0.7218368649482727,-0.02926480770111084,0.013048171997070312,-0.03500556945800781,2.85653362075422e-10,1.0,9.570470804742826e-11,1.0,8.459032594125473e-15,1.0,test,0.9451014679052456
hammer_2,hammer,left,slip,0,1,34,54,fill only if visible slip/instability occurs; recommended about 30 frames; delete or keep empty [] if no slip,48,048.png,0.7833333333333333,local_stable_slip_windows_1based_frames_v2,unknown,-1.3562597036361694,1.469163179397583,1.3429419994354248,1.3429419994354248,1.999470137662697,2.408604169483334,1.4888719316480874,0.7442295551300049,-0.02730858325958252,0.016028523445129395,-0.04593014717102051,1.927610571161864e-10,1.0,6.99657901059858e-11,1.0,5.645494922240646e-15,1.0,test,0.9470438016777548
hammer_2,hammer,left,slip,0,1,34,54,fill only if visible slip/instability occurs; recommended about 30 frames; delete or keep empty [] if no slip,49,049.png,0.8,local_stable_slip_windows_1based_frames_v2,unknown,-1.3576382398605347,1.4702715873718262,1.3431873321533203,1.3431873321533203,2.001219660847974,2.4101934238192655,1.4899025050640045,0.7656325697898865,-0.025732040405273438,0.009807109832763672,-0.025570392608642578,4.386356833308014e-10,1.0,1.8093725129286753e-10,1.0,2.269357289163155e-14,1.0,test,0.9601441415077483
hammer_2,hammer,left,slip,0,1,34,54,fill only if visible slip/instability occurs; recommended about 30 frames; delete or keep empty [] if no slip,50,050.png,0.8166666666666667,local_stable_slip_windows_1based_frames_v2,unknown,-1.3586465120315552,1.4710874557495117,1.3420473337173462,1.3420473337173462,2.002503095408115,2.4106243367760394,1.4921244228673733,0.7501620650291443,-0.015350699424743652,0.009352803230285645,-0.02384650707244873,5.144247250399303e-10,1.0,1.9081461410941358e-10,1.0,2.31750857111572e-14,1.0,test,0.9577523834993975
hammer_2,hammer,left,slip,0,1,34,54,fill only if visible slip/instability occurs; recommended about 30 frames; delete or keep empty [] if no slip,51,051.png,0.8333333333333334,local_stable_slip_windows_1based_frames_v2,unknown,-1.3550952672958374,1.4692399501800537,1.3442435264587402,1.3442435264587402,1.9987369048108017,2.408721626315273,1.4868849122832195,0.7715060114860535,-0.007395386695861816,0.006579875946044922,-0.006657719612121582,9.843510451190696e-10,1.0,4.217771687464733e-10,1.0,7.431872500220094e-14,1.0,test,0.9680827731928401
hammer_2,hammer,left,slip,0,1,34,54,fill only if visible slip/instability occurs; recommended about 30 frames; delete or keep empty [] if no slip,52,052.png,0.85,local_stable_slip_windows_1based_frames_v2,unknown,-1.3539477586746216,1.470145344734192,1.336498498916626,1.336498498916626,1.998624994305747,2.4043148931598046,1.4954176907105792,0.732712984085083,-0.0016515254974365234,0.00349271297454834,-0.004966020584106445,1.2301138996306804e-09,1.0,4.2852377202251546e-10,1.0,7.020978172759748e-14,1.0,test,0.9608014006787367
hammer_2,hammer,left,slip,0,1,34,54,fill only if visible slip/instability occurs; recommended about 30 frames; delete or keep empty [] if no slip,53,053.png,0.8666666666666667,local_stable_slip_windows_1based_frames_v2,unknown,-1.3558056354522705,1.470076322555542,1.3380529880523682,1.3380529880523682,1.9998333218702404,2.4061835162968,1.4945834321536897,0.7405669689178467,0.0004540681838989258,0.0009131431579589844,-0.004889011383056641,1.4218061172854846e-09,1.0,5.251805101913476e-10,1.0,9.484917734038645e-14,1.0,test,0.96259893722395
hammer_2,hammer,left,slip,0,1,34,54,fill only if visible slip/instability occurs; recommended about 30 frames; delete or keep empty [] if no slip,54,054.png,0.8833333333333333,local_stable_slip_windows_1based_frames_v2,unknown,-1.3566665649414062,1.471015453338623,1.3370585441589355,1.3370585441589355,2.001107351540879,2.4066898809151462,1.4966478944658044,0.7601019144058228,0.000971674919128418,0.000743865966796875,-0.006128787994384766,1.0242017234318723e-09,1.0,3.3706498703267584e-10,1.0,4.9231516622725777e-14,1.0,test,0.9660737149497259
hammer_2,hammer,right,stable,0,0,90,116,fill a stable/contact-stable window; recommended about 30 frames,90,090.png,1.4833333333333334,local_stable_slip_windows_1based_frames_v2,unknown,-1.349548101425171,1.4692842960357666,1.300476312637329,1.300476312637329,1.99501288733622,2.3814523006704094,1.534062046257765,0.356049507856369,0.0015844106674194336,-0.0003094673156738281,-0.0012611150741577148,7.846419070034472e-10,1.0,4.349344235460295e-13,1.0,6.132720680383327e-19,1.0,test,0.7313272101104826
hammer_2,hammer,right,stable,0,0,90,116,fill a stable/contact-stable window; recommended about 30 frames,91,091.png,1.5,local_stable_slip_windows_1based_frames_v2,unknown,-1.3500969409942627,1.4692096710205078,1.3038785457611084,1.3038785457611084,1.9953292478942553,2.3835767387685167,1.5303018245673374,0.27894845604896545,0.0010355710983276367,-0.0003840923309326172,0.002141118049621582,9.576647252984571e-10,1.0,2.8474068263818764e-13,1.0,2.964967901126152e-19,1.0,test,0.6422870994319185
hammer_2,hammer,right,stable,0,0,90,116,fill a stable/contact-stable window; recommended about 30 frames,92,092.png,1.5166666666666666,local_stable_slip_windows_1based_frames_v2,unknown,-1.3505719900131226,1.4694538116455078,1.3036024570465088,1.3036024570465088,1.995830454915326,2.383845332815284,1.5310104036062868,0.31090858578681946,0.0005605220794677734,-0.0001399517059326172,0.0018650293350219727,9.52674716891977e-10,1.0,5.093761241796446e-13,1.0,7.659682649471262e-19,1.0,test,0.68294894262678
hammer_2,hammer,right,stable,0,0,90,116,fill a stable/contact-stable window; recommended about 30 frames,93,093.png,1.5333333333333334,local_stable_slip_windows_1based_frames_v2,unknown,-1.3493976593017578,1.469151496887207,1.30135178565979,1.30135178565979,1.9948133155097456,2.3817633454596003,1.53287666303213,0.30488651990890503,0.0017348527908325195,-0.00044226646423339844,-0.00038564205169677734,7.154814518628427e-10,1.0,2.1738666910412624e-13,1.0,2.1350650888760005e-19,1.0,test,0.6710139513445559
hammer_2,hammer,right,stable,0,0,90,116,fill a stable/contact-stable window; recommended about 30 frames,94,094.png,1.55,local_stable_slip_windows_1based_frames_v2,unknown,-1.3473901748657227,1.4689661264419556,1.2992817163467407,1.2992817163467407,1.9933192829947153,2.379381167949242,1.5341690133456347,0.6034871935844421,0.0037423372268676758,-0.0006276369094848633,-0.0024557113647460938,3.63004237780018e-10,1.0,1.006805207780237e-12,1.0,2.890238129841427e-18,1.0,test,0.9193939875596382
hammer_2,hammer,right,stable,0,0,90,116,fill a stable/contact-stable window; recommended about 30 frames,95,095.png,1.5666666666666667,local_stable_slip_windows_1based_frames_v2,unknown,-1.3435699939727783,1.46791410446167,1.301255226135254,1.301255226135254,1.9899628506033769,2.3776495347981434,1.5292628850765155,0.5602383613586426,0.005978107452392578,-0.0013701915740966797,0.0007789134979248047,5.492906129944686e-10,1.0,2.6820655071868593e-12,1.0,1.38503915859267e-17,1.0,test,0.9020074409383557
hammer_2,hammer,right,stable,0,0,90,116,fill a stable/contact-stable window; recommended about 30 frames,96,096.png,1.5833333333333333,local_stable_slip_windows_1based_frames_v2,unknown,-1.3510454893112183,1.4697997570037842,1.3042888641357422,1.3042888641357422,1.9964055800053686,2.3847022206105897,1.5306456293963775,0.43033602833747864,-0.0009485483169555664,0.0005900859832763672,0.00041031837463378906,6.259697760135907e-10,1.0,7.440910951631019e-13,1.0,1.5126204150250673e-18,1.0,test,0.8096581560492357
hammer_2,hammer,right,stable,0,0,90,116,fill a stable/contact-stable window; recommended about 30 frames,97,097.png,1.6,local_stable_slip_windows_1based_frames_v2,unknown,-1.3496407270431519,1.469261646270752,1.3029139041900635,1.3029139041900635,1.9950588656217159,2.382822804790067,1.5312272959698108,0.2610286772251129,0.0009312629699707031,-0.00019216537475585938,-0.0006885528564453125,1.0165822628138699e-09,1.0,3.5848453654348245e-13,1.0,4.379264768857068e-19,1.0,test,0.6119560360305467
hammer_2,hammer,right,stable,0,0,90,116,fill a stable/contact-stable window; recommended about 30 frames,98,098.png,1.6166666666666667,local_stable_slip_windows_1based_frames_v2,unknown,-1.3507657051086426,1.469412088394165,1.3051236867904663,1.3051236867904663,1.9959308293667268,2.384761563225575,1.529302793494065,0.16193491220474243,-0.0013680458068847656,0.0002605915069580078,0.0037719011306762695,1.0494363156254849e-09,1.0,6.574347186441565e-14,1.0,3.2810800774686345e-20,1.0,test,0.4790309503168971
hammer_2,hammer,right,stable,0,0,90,116,fill a stable/contact-stable window; recommended about 30 frames,99,099.png,1.6333333333333333,local_stable_slip_windows_1based_frames_v2,unknown,-1.3475735187530518,1.4689403772354126,1.2988488674163818,1.2988488674163818,1.9934242449405992,2.379232775645505,1.5347610951416857,0.4129752218723297,-0.00018334388732910156,-2.574920654296875e-05,-0.0004328489303588867,7.309413629918993e-10,1.0,6.7603756793988e-13,1.0,1.2629307772471074e-18,1.0,test,0.7919220809789885
hammer_2,hammer,right,stable,0,0,90,116,fill a stable/contact-stable window; recommended about 30 frames,100,100.png,1.65,local_stable_slip_windows_1based_frames_v2,unknown,-1.3497439622879028,1.4690783023834229,1.3021740913391113,1.3021740913391113,1.9949936897810998,2.382363781293958,1.532047190158981,0.7380265593528748,-0.006173968315124512,0.0011641979217529297,0.0009188652038574219,3.2676628070049674e-10,1.0,3.222514052478309e-12,1.0,2.1198746510492578e-17,1.0,test,0.9620468088247932
hammer_2,hammer,right,stable,0,0,90,116,fill a stable/contact-stable window; recommended about 30 frames,101,101.png,1.6666666666666667,local_stable_slip_windows_1based_frames_v2,unknown,-1.3441367149353027,1.4683537483215332,1.3038561344146729,1.3038561344146729,1.990669796487344,2.379665324766854,1.5267545377055403,0.5285066962242126,0.006908774375915527,-0.0014460086822509766,-0.00043272972106933594,5.428995031309114e-10,1.0,2.735407820392277e-12,1.0,1.4497873827847483e-17,1.0,test,0.8837742669136202
hammer_2,hammer,right,stable,0,0,90,116,fill a stable/contact-stable window; recommended about 30 frames,102,102.png,1.6833333333333333,local_stable_slip_windows_1based_frames_v2,unknown,-1.3503756523132324,1.4697911739349365,1.3008992671966553,1.3008992671966553,1.995946015637053,2.382464984156162,1.5342805793546115,0.3006487786769867,-0.0007349252700805664,0.0005295276641845703,-0.002014636993408203,6.844395050720209e-10,1.0,1.7918542897284867e-13,1.0,1.5529921797422425e-19,1.0,test,0.6612362171774556
hammer_2,hammer,right,stable,0,0,90,116,fill a stable/contact-stable window; recommended about 30 frames,103,103.png,1.7,local_stable_slip_windows_1based_frames_v2,unknown,-1.3515828847885132,1.469597578048706,1.305655598640442,1.305655598640442,1.996620478673867,2.385629870311192,1.5292079714933577,0.4387318193912506,-0.0008171796798706055,0.00018548965454101562,0.0005319118499755859,4.95991969717835e-10,1.0,4.667296280361222e-13,1.0,7.50090739884324e-19,1.0,test,0.8174446767068813
hammer_2,hammer,right,stable,0,0,90,116,fill a stable/contact-stable window; recommended about 30 frames,104,104.png,1.7166666666666666,local_stable_slip_windows_1based_frames_v2,unknown,-1.3495984077453613,1.4690500497817993,1.3010623455047607,1.3010623455047607,1.9948744098195057,2.3816563853425774,1.5332646305899686,0.6330265402793884,-0.0020248889923095703,0.00010967254638671875,0.0022134780883789062,5.353355536641402e-10,1.0,3.679980799253801e-12,1.0,2.2571889488387755e-17,1.0,test,0.9332675488352583
hammer_2,hammer,right,stable,0,0,90,116,fill a stable/contact-stable window; recommended about 30 frames,105,105.png,1.7333333333333334,local_stable_slip_windows_1based_frames_v2,unknown,-1.3497202396392822,1.4693241119384766,1.302952766418457,1.302952766418457,1.9951586581562164,2.38292760753096,1.5312582146644265,0.5773095488548279,2.372264862060547e-05,0.00024580955505371094,0.0007786750793457031,4.4117218211958686e-10,1.0,1.5364511963059102e-12,1.0,5.611540336000536e-18,1.0,test,0.9094563810358514
hammer_2,hammer,right,stable,0,0,90,116,fill a stable/contact-stable window; recommended about 30 frames,106,106.png,1.75,local_stable_slip_windows_1based_frames_v2,unknown,-1.3475351333618164,1.4690234661102295,1.3029530048370361,1.3029530048370361,1.9934595254549214,2.3815052828916468,1.5299538725499744,0.24564650654792786,-0.003398418426513672,0.0006697177886962891,-0.0009031295776367188,8.737350287724155e-10,1.0,2.4676869705628213e-13,1.0,2.611628913680118e-19,1.0,test,0.5888589927892564
hammer_2,hammer,right,stable,0,0,90,116,fill a stable/contact-stable window; recommended about 30 frames,107,107.png,1.7666666666666666,local_stable_slip_windows_1based_frames_v2,unknown,-1.3481245040893555,1.4687176942825317,1.3001799583435059,1.3001799583435059,1.9936327003800793,2.380134296232649,1.5333501752864194,0.6032072901725769,0.002251148223876953,-0.0010734796524047852,-0.0007193088531494141,4.3817161010650807e-10,1.0,1.2128231361915875e-12,1.0,3.665357235411286e-18,1.0,test,0.9202379773683287
hammer_2,hammer,right,stable,0,0,90,116,fill a stable/contact-stable window; recommended about 30 frames,108,108.png,1.7833333333333334,local_stable_slip_windows_1based_frames_v2,unknown,-1.3506721258163452,1.4693918228149414,1.3039501905441284,1.3039501905441284,1.995852579829648,2.384054030392921,1.5306190862840463,0.19447870552539825,0.0009107589721679688,-0.00020575523376464844,-0.0017054080963134766,9.443851256563107e-10,1.0,1.1126067108640017e-13,1.0,7.267906776158391e-20,1.0,test,0.5149967022387365
hammer_2,hammer,right,stable,0,0,90,116,fill a stable/contact-stable window; recommended about 30 frames,109,109.png,1.8,local_stable_slip_windows_1based_frames_v2,unknown,-1.3499562740325928,1.4691118001937866,1.3049360513687134,1.3049360513687134,1.995162004266468,2.384015419713211,1.5289335237847652,0.2118491381406784,-0.0003578662872314453,6.175041198730469e-05,0.0038737058639526367,1.3686657363010113e-09,1.0,2.9164607469496506e-13,1.0,2.937868430283149e-19,1.0,test,0.5521706246558203
hammer_2,hammer,right,stable,0,0,90,116,fill a stable/contact-stable window; recommended about 30 frames,110,110.png,1.8166666666666667,local_stable_slip_windows_1based_frames_v2,unknown,-1.3514740467071533,1.4696718454360962,1.3043204545974731,1.3043204545974731,1.9966014705470267,2.384883494108655,1.5307587431835954,0.6442297101020813,-0.0017538070678710938,0.0003477334976196289,0.0013676881790161133,3.466976428168067e-10,1.0,1.6903671387971664e-12,1.0,7.035200888265552e-18,1.0,test,0.936954972152275
hammer_2,hammer,right,stable,0,0,90,116,fill a stable/contact-stable window; recommended about 30 frames,111,111.png,1.8333333333333333,local_stable_slip_windows_1based_frames_v2,unknown,-1.3491878509521484,1.4693564176559448,1.3010797500610352,1.3010797500610352,1.9948223327563757,2.3816222738466473,1.533204094106224,0.5820823907852173,-0.0016527175903320312,0.00033295154571533203,-0.0018732547760009766,3.9286590647336084e-10,1.0,1.3127860343936648e-12,1.0,4.405254163318024e-18,1.0,test,0.9094585535197034
hammer_2,hammer,right,stable,0,0,90,116,fill a stable/contact-stable window; recommended about 30 frames,112,112.png,1.85,local_stable_slip_windows_1based_frames_v2,unknown,-1.3486813306808472,1.4691500663757324,1.3004635572433472,1.3004635572433472,1.9943277687629182,2.3808714188248175,1.5335502668295582,0.272346556186676,-0.0005568265914916992,0.0004323720932006836,0.0002835988998413086,7.989906514183076e-10,1.0,1.4272509226993108e-13,1.0,1.0590002410430011e-19,1.0,test,0.6284152512122393
hammer_2,hammer,right,stable,0,0,90,116,fill a stable/contact-stable window; recommended about 30 frames,113,113.png,1.8666666666666667,local_stable_slip_windows_1based_frames_v2,unknown,-1.3494943380355835,1.4692060947418213,1.3020421266555786,1.3020421266555786,1.9949189249732961,2.3822290437324436,1.5321450450703848,0.6422728896141052,0.0011777877807617188,-0.0001857280731201172,-0.0019080638885498047,3.707757711968185e-10,1.0,1.6077290323698867e-12,1.0,6.273082166792883e-18,1.0,test,0.9347704779705769
hammer_2,hammer,right,stable,0,0,90,116,fill a stable/contact-stable window; recommended about 30 frames,114,114.png,1.8833333333333333,local_stable_slip_windows_1based_frames_v2,unknown,-1.3493040800094604,1.4690767526626587,1.3018932342529297,1.3018932342529297,1.99469496553835,2.381960116991381,1.5321482445023442,0.45198458433151245,0.0006521940231323242,-3.504753112792969e-05,-0.0030428171157836914,6.108152317274573e-10,1.0,7.103770154580358e-13,1.0,1.3920832425735338e-18,1.0,test,0.8241589270395494
hammer_2,hammer,right,stable,0,0,90,116,fill a stable/contact-stable window; recommended about 30 frames,115,115.png,1.9,local_stable_slip_windows_1based_frames_v2,unknown,-1.3504570722579956,1.469299554824829,1.302903175354004,1.302903175354004,1.9956391171301684,2.3833027860864897,1.531685257350523,0.14372222125530243,0.0010169744491577148,-0.00037229061126708984,-0.0014172792434692383,1.107935299060614e-09,1.0,8.990680107952981e-14,1.0,5.22105675144902e-20,1.0,test,0.44181060640707565
hammer_2,hammer,right,stable,0,0,90,116,fill a stable/contact-stable window; recommended about 30 frames,116,116.png,1.9166666666666667,local_stable_slip_windows_1based_frames_v2,unknown,-1.349548578262329,1.4693331718444824,1.3047008514404297,1.3047008514404297,1.995049206153182,2.3837922826290514,1.5291226910965048,0.4117495119571686,-0.00036072731018066406,-2.3245811462402344e-05,0.0036211013793945312,6.851945677510685e-10,1.0,6.818546378559165e-13,1.0,1.3319733716278007e-18,1.0,test,0.7973751278863563
hammer_2,hammer,right,slip,0,1,34,54,fill only if visible slip/instability occurs; recommended about 30 frames; delete or keep empty [] if no slip,34,034.png,0.55,local_stable_slip_windows_1based_frames_v2,unknown,-1.2113475799560547,1.3666218519210815,1.345840334892273,1.345840334892273,1.8262032322864827,2.2685467710930145,1.356923126776055,0.9999982118606567,0.0,0.0,0.0,1.4397345815542195e-10,1.0,3.760914919336694e-13,1.0,7.399449043822665e-19,1.0,test,0.9931950857666729
hammer_2,hammer,right,slip,0,1,34,54,fill only if visible slip/instability occurs; recommended about 30 frames; delete or keep empty [] if no slip,35,035.png,0.5666666666666667,local_stable_slip_windows_1based_frames_v2,unknown,-1.264493465423584,1.4186352491378784,1.3578020334243774,1.3578020334243774,1.900386722274031,2.3356147062747334,1.3996041218741855,0.9999889135360718,-0.0531458854675293,0.052013397216796875,0.011961698532104492,1.9073602419705793e-10,1.0,1.562573963449776e-12,1.0,9.052797799858956e-18,1.0,test,0.993130136659807
hammer_2,hammer,right,slip,0,1,34,54,fill only if visible slip/instability occurs; recommended about 30 frames; delete or keep empty [] if no slip,36,036.png,0.5833333333333334,local_stable_slip_windows_1based_frames_v2,unknown,-1.2911107540130615,1.458034634590149,1.3181281089782715,1.3181281089782715,1.9475194414414982,2.3516576465274954,1.4774876210351575,0.999915599822998,-0.07976317405700684,0.09141278266906738,-0.027712225914001465,4.421918994162999e-12,1.0,1.9506607700642276e-13,1.0,8.614706093645892e-19,1.0,test,0.9891795749754606
hammer_2,hammer,right,slip,0,1,34,54,fill only if visible slip/instability occurs; recommended about 30 frames; delete or keep empty [] if no slip,37,037.png,0.6,local_stable_slip_windows_1based_frames_v2,unknown,-1.262606143951416,1.4558863639831543,1.2879395484924316,1.2879395484924316,1.9271168567515446,2.317879992611102,1.4962778049089966,0.9999475479125977,-0.05125856399536133,0.08926451206207275,-0.05790078639984131,1.0512899144971e-12,1.0,4.2622521722983364e-13,1.0,6.643360882605814e-18,1.0,test,0.9863898899996115
hammer_2,hammer,right,slip,0,1,34,54,fill only if visible slip/instability occurs; recommended about 30 frames; delete or keep empty [] if no slip,38,038.png,0.6166666666666667,local_stable_slip_windows_1based_frames_v2,unknown,-1.284631371498108,1.4624850749969482,1.2957053184509277,1.2957053184509277,1.9465714359421642,2.3383739280722318,1.5023245686332483,0.9999645948410034,-0.07328379154205322,0.0958632230758667,-0.050135016441345215,6.046765193591652e-13,1.0,7.318927094154132e-14,1.0,3.3959047018357856e-19,1.0,test,0.9867210934681151
hammer_2,hammer,right,slip,0,1,34,54,fill only if visible slip/instability occurs; recommended about 30 frames; delete or keep empty [] if no slip,39,039.png,0.6333333333333333,local_stable_slip_windows_1based_frames_v2,unknown,-1.2990505695343018,1.4651721715927124,1.2936593294143677,1.2936593294143677,1.958127134436653,2.3468737365265158,1.5136331306712372,0.9999985694885254,-0.08770298957824707,0.09855031967163086,-0.05218100547790527,4.671793550972692e-13,1.0,2.695961536696226e-14,1.0,6.116130797716752e-20,1.0,test,0.9859923179701257
hammer_2,hammer,right,slip,0,1,34,54,fill only if visible slip/instability occurs; recommended about 30 frames; delete or keep empty [] if no slip,40,040.png,0.65,local_stable_slip_windows_1based_frames_v2,unknown,-1.3063098192214966,1.4654078483581543,1.2811288833618164,1.2811288833618164,1.963126462004976,2.344175062065133,1.5323399192387352,0.9999980926513672,-0.0418163537979126,0.04677259922027588,-0.07667315006256104,1.8000173834104016e-13,1.0,9.336546021986719e-15,1.0,1.3063039797416284e-20,1.0,test,0.9830767064547113
hammer_2,hammer,right,slip,0,1,34,54,fill only if visible slip/instability occurs; recommended about 30 frames; delete or keep empty [] if no slip,41,041.png,0.6666666666666666,local_stable_slip_windows_1based_frames_v2,unknown,-1.3308570384979248,1.468408465385437,1.2928739786148071,1.2928739786148071,1.981767866864099,2.366205190323604,1.532837977100752,0.9999970197677612,-0.03974628448486328,0.010373830795288086,-0.025254130363464355,1.8145408136119312e-12,1.0,2.0634732258387883e-14,1.0,2.1023557825162396e-20,1.0,test,0.9888159755009016
hammer_2,hammer,right,slip,0,1,34,54,fill only if visible slip/instability occurs; recommended about 30 frames; delete or keep empty [] if no slip,42,042.png,0.6833333333333333,local_stable_slip_windows_1based_frames_v2,unknown,-1.2875611782073975,1.4610810279846191,1.2662450075149536,1.2662450075149536,1.9474525816983101,2.322917987579406,1.5379733244097213,0.9999963045120239,-0.024955034255981445,0.005194664001464844,-0.021694540977478027,8.698613877811123e-12,1.0,1.191197748079409e-11,1.0,1.2047264905503188e-15,1.0,test,0.9893944084802121
hammer_2,hammer,right,slip,0,1,34,54,fill only if visible slip/instability occurs; recommended about 30 frames; delete or keep empty [] if no slip,43,043.png,0.7,local_stable_slip_windows_1based_frames_v2,unknown,-1.3297256231307983,1.4671921730041504,1.2817574739456177,1.2817574739456177,1.9801068418989998,2.3587550375888298,1.5448361623104132,0.9636532068252563,-0.04509425163269043,0.0047070980072021484,-0.013947844505310059,2.638833769552651e-11,1.0,1.2427144816667957e-12,1.0,1.0676165394593262e-17,1.0,test,0.9871754742978868
hammer_2,hammer,right,slip,0,1,34,54,fill only if visible slip/instability occurs; recommended about 30 frames; delete or keep empty [] if no slip,44,044.png,0.7166666666666667,local_stable_slip_windows_1based_frames_v2,unknown,-1.331663727760315,1.46637761592865,1.2901496887207031,1.2901496887207031,1.9808057947030266,2.3639115498755907,1.5353290216565076,0.8168764710426331,-0.032613158226013184,0.0012054443359375,-0.0035096406936645508,1.7454614142931035e-10,1.0,4.725332972133067e-12,1.0,5.621591573059791e-17,1.0,test,0.9736195294267066
hammer_2,hammer,right,slip,0,1,34,54,fill only if visible slip/instability occurs; recommended about 30 frames; delete or keep empty [] if no slip,45,045.png,0.7333333333333333,local_stable_slip_windows_1based_frames_v2,unknown,-1.3420571088790894,1.468090534210205,1.2972803115844727,1.2972803115844727,1.989071919295656,2.374730154555505,1.5332618311337922,0.6057304739952087,-0.03574728965759277,0.0026826858520507812,0.01615142822265625,5.59008006550954e-10,1.0,1.7849512016013258e-12,1.0,7.003844125604892e-18,1.0,test,0.9273543541149648
hammer_2,hammer,right,slip,0,1,34,54,fill only if visible slip/instability occurs; recommended about 30 frames; delete or keep empty [] if no slip,46,046.png,0.75,local_stable_slip_windows_1based_frames_v2,unknown,-1.3455531597137451,1.4685698747634888,1.300490379333496,1.300490379333496,1.9917858275122082,2.3787572405391586,1.5315640373817794,0.6118509769439697,-0.014696121215820312,0.0001614093780517578,0.007616400718688965,4.924626817448541e-10,1.0,2.003948439480152e-12,1.0,8.63659194848555e-18,1.0,test,0.9271019100605441
hammer_2,hammer,right,slip,0,1,34,54,fill only if visible slip/instability occurs; recommended about 30 frames; delete or keep empty [] if no slip,47,047.png,0.7666666666666667,local_stable_slip_windows_1based_frames_v2,unknown,-1.3374929428100586,1.466684341430664,1.2961623668670654,1.2961623668670654,1.9849560018964176,2.370672311971236,1.5314088120652734,0.32275572419166565,-0.04993176460266113,0.005603313446044922,0.029917359352111816,2.054426406772336e-09,1.0,4.114244101655062e-12,1.0,2.3369203917743943e-17,1.0,test,0.7312523359556151
hammer_2,hammer,right,slip,0,1,34,54,fill only if visible slip/instability occurs; recommended about 30 frames; delete or keep empty [] if no slip,48,048.png,0.7833333333333333,local_stable_slip_windows_1based_frames_v2,unknown,-1.3332254886627197,1.4653370380401611,1.2970868349075317,1.2970868349075317,1.9810862774428226,2.3679394198253254,1.5273339431049808,0.8201531767845154,-0.0034998655319213867,-0.0018551349639892578,0.015329360961914062,5.442120087906233e-10,1.0,5.647638259831389e-11,1.0,3.022588156124267e-15,1.0,test,0.9790759771439075
hammer_2,hammer,right,slip,0,1,34,54,fill only if visible slip/instability occurs; recommended about 30 frames; delete or keep empty [] if no slip,49,049.png,0.8,local_stable_slip_windows_1based_frames_v2,unknown,-1.346644639968872,1.4689459800720215,1.3022441864013672,1.3022441864013672,1.9928005617037157,2.380565899054845,1.5302806126783497,0.7804995179176331,-0.014980912208557129,0.002568364143371582,0.012094497680664062,4.227130312450811e-10,1.0,7.482173734751907e-12,1.0,8.710645954568849e-17,1.0,test,0.9724897575963166
hammer_2,hammer,right,slip,0,1,34,54,fill only if visible slip/instability occurs; recommended about 30 frames; delete or keep empty [] if no slip,50,050.png,0.8166666666666667,local_stable_slip_windows_1based_frames_v2,unknown,-1.3393065929412842,1.4676162004470825,1.2984528541564941,1.2984528541564941,1.9868667448298394,2.3735246525321507,1.5301789420314473,0.7092217206954956,0.0027505159378051758,-0.0004743337631225586,0.0011725425720214844,3.1699379232641434e-10,1.0,3.5110135285232325e-12,1.0,2.6329785900467186e-17,1.0,test,0.9562598286143422
hammer_2,hammer,right,slip,0,1,34,54,fill only if visible slip/instability occurs; recommended about 30 frames; delete or keep empty [] if no slip,51,051.png,0.8333333333333334,local_stable_slip_windows_1based_frames_v2,unknown,-1.3429110050201416,1.468525767326355,1.2985343933105469,1.2985343933105469,1.9899693205438285,2.376166969578539,1.5324721457691712,0.6750049591064453,0.0026421546936035156,-4.410743713378906e-05,-0.0019559860229492188,2.7530339119508085e-10,1.0,1.6218721244493084e-12,1.0,7.208989053421106e-18,1.0,test,0.9456077137642536
hammer_2,hammer,right,slip,0,1,34,54,fill only if visible slip/instability occurs; recommended about 30 frames; delete or keep empty [] if no slip,52,052.png,0.85,local_stable_slip_windows_1based_frames_v2,unknown,-1.3457025289535522,1.4689617156982422,1.2998192310333252,1.2998192310333252,1.9921756495397462,2.378716849896846,1.5326547486924524,0.29083287715911865,-0.008209586143493652,0.002277374267578125,0.0036568641662597656,8.592593303546892e-10,1.0,2.2395210956972084e-13,1.0,2.2798852855823704e-19,1.0,test,0.6574859245107486
hammer_2,hammer,right,slip,0,1,34,54,fill only if visible slip/instability occurs; recommended about 30 frames; delete or keep empty [] if no slip,53,053.png,0.8666666666666667,local_stable_slip_windows_1based_frames_v2,unknown,-1.3358027935028076,1.4659042358398438,1.298386812210083,1.298386812210083,1.9832408658010001,2.3704541012017426,1.527464172992488,0.6097349524497986,-0.0025773048400878906,0.0005671977996826172,0.0012999773025512695,5.552209247916551e-10,1.0,1.0247440049293566e-11,1.0,1.451741679699966e-16,1.0,test,0.9243203852935996
hammer_2,hammer,right,slip,0,1,34,54,fill only if visible slip/instability occurs; recommended about 30 frames; delete or keep empty [] if no slip,54,054.png,0.8833333333333333,local_stable_slip_windows_1based_frames_v2,unknown,-1.3511325120925903,1.4695937633514404,1.3017374277114868,1.3017374277114868,1.9963128248135569,2.3832299983887415,1.5335744741923019,0.35670992732048035,-0.004487872123718262,0.0006477832794189453,-0.0005067586898803711,6.480798120378495e-10,1.0,2.866369793429191e-13,1.0,3.3261720837278582e-19,1.0,test,0.7315549697426015
hammer_3,hammer,left,slip,0,1,40,70,fill only if visible slip/instability occurs; recommended about 30 frames; delete or keep empty [] if no slip,40,040.png,0.65,local_stable_slip_windows_1based_frames_v2,unknown,-1.0684640407562256,1.2606468200683594,1.2929273843765259,1.2929273843765259,1.6525270985183838,2.0982152016912643,1.2781273259116073,0.9999997615814209,0.0,0.0,0.0,7.984406469319083e-10,1.0,6.253724534749372e-12,1.0,7.931920258810198e-17,1.0,test,0.9939023726193136
hammer_3,hammer,left,slip,0,1,40,70,fill only if visible slip/instability occurs; recommended about 30 frames; delete or keep empty [] if no slip,41,041.png,0.6666666666666666,local_stable_slip_windows_1based_frames_v2,unknown,-1.2226835489273071,1.4297460317611694,1.2986960411071777,1.2986960411071777,1.8812572328510222,2.2859877915994526,1.4485728182203255,0.9999525547027588,-0.15421950817108154,0.16909921169281006,0.0057686567306518555,5.729108507046554e-11,1.0,1.3579899357796243e-11,1.0,6.962482183301485e-16,1.0,test,0.9916591326561172
hammer_3,hammer,left,slip,0,1,40,70,fill only if visible slip/instability occurs; recommended about 30 frames; delete or keep empty [] if no slip,42,042.png,0.6833333333333333,local_stable_slip_windows_1based_frames_v2,unknown,-1.3049094676971436,1.4614001512527466,1.2969160079956055,1.2969160079956055,1.95920369562922,2.349568099196627,1.5106623504438295,0.998820960521698,-0.23644542694091797,0.2007533311843872,0.00398862361907959,7.0248303701836434e-12,1.0,8.121016879802934e-12,1.0,6.20168460161596e-16,1.0,test,0.9896339114596695
hammer_3,hammer,left,slip,0,1,40,70,fill only if visible slip/instability occurs; recommended about 30 frames; delete or keep empty [] if no slip,43,043.png,0.7,local_stable_slip_windows_1based_frames_v2,unknown,-1.3311450481414795,1.4648631811141968,1.3159551620483398,1.3159551620483398,1.9793360701446296,2.3768696361174833,1.5041048685571043,0.9996370077133179,-0.2626810073852539,0.2042163610458374,0.023027777671813965,3.216295285657367e-11,1.0,1.585569002482412e-11,1.0,1.0012940582126615e-15,1.0,test,0.9909006248383486
hammer_3,hammer,left,slip,0,1,40,70,fill only if visible slip/instability occurs; recommended about 30 frames; delete or keep empty [] if no slip,44,044.png,0.7166666666666667,local_stable_slip_windows_1based_frames_v2,unknown,-1.3458245992660522,1.4688818454742432,1.3261865377426147,1.3261865377426147,1.9921992189420836,2.3932464271034006,1.5022002260201663,0.9999852180480957,-0.27736055850982666,0.2082350254058838,0.03325915336608887,2.7276981021118196e-11,1.0,1.5892227854877317e-12,1.0,1.719683016334878e-17,1.0,test,0.9914987996234341
hammer_3,hammer,left,slip,0,1,40,70,fill only if visible slip/instability occurs; recommended about 30 frames; delete or keep empty [] if no slip,45,045.png,0.7333333333333333,local_stable_slip_windows_1based_frames_v2,unknown,-1.3469842672348022,1.4692516326904297,1.3326685428619385,1.3326685428619385,1.9932553715822694,2.3977223403628978,1.4956861453453103,0.9999924898147583,-0.27852022647857666,0.2086048126220703,0.0397411584854126,3.506190476842974e-11,1.0,1.8823703446663176e-12,1.0,2.1408087725556273e-17,1.0,test,0.992002209417422
hammer_3,hammer,left,slip,0,1,40,70,fill only if visible slip/instability occurs; recommended about 30 frames; delete or keep empty [] if no slip,46,046.png,0.75,local_stable_slip_windows_1based_frames_v2,unknown,-1.353657603263855,1.4704872369766235,1.3430254459381104,1.3430254459381104,1.9986799696262503,2.4079948026153315,1.4881910744729698,0.9999933242797852,-0.13097405433654785,0.0407412052154541,0.04432940483093262,1.1598948884694593e-10,1.0,7.601624191222456e-12,1.0,1.3880704777526564e-16,1.0,test,0.9933018990404245
hammer_3,hammer,left,slip,0,1,40,70,fill only if visible slip/instability occurs; recommended about 30 frames; delete or keep empty [] if no slip,47,047.png,0.7666666666666667,local_stable_slip_windows_1based_frames_v2,unknown,-1.3528648614883423,1.4711517095565796,1.345530390739441,1.345530390739441,1.9986322037786537,2.409353174274073,1.485385043808082,0.9999972581863403,-0.04795539379119873,0.009751558303833008,0.04861438274383545,2.432033741062156e-10,1.0,2.2651356484937324e-11,1.0,6.944735784265323e-16,1.0,test,0.9942732398146916
hammer_3,hammer,left,slip,0,1,40,70,fill only if visible slip/instability occurs; recommended about 30 frames; delete or keep empty [] if no slip,48,048.png,0.7833333333333333,local_stable_slip_windows_1based_frames_v2,unknown,-1.3456194400787354,1.4691439867019653,1.353408932685852,1.353408932685852,1.9922539324042892,2.4084832302206736,1.47202549965822,0.999993085861206,-0.01447439193725586,0.004280805587768555,0.03745377063751221,2.9189078931679546e-10,1.0,8.703946591248624e-11,1.0,7.529303820230735e-15,1.0,test,0.9941089836978211
hammer_3,hammer,left,slip,0,1,40,70,fill only if visible slip/instability occurs; recommended about 30 frames; delete or keep empty [] if no slip,49,049.png,0.8,local_stable_slip_windows_1based_frames_v2,unknown,-1.3580143451690674,1.472550868988037,1.366913080215454,1.366913080215454,2.003149775589033,2.4250897699480105,1.465454050537906,0.999981164932251,-0.012189745903015137,0.0036690235137939453,0.040726542472839355,2.740674631684925e-10,1.0,2.7481008788021732e-11,1.0,8.913612518785517e-16,1.0,test,0.9943233401847461
hammer_3,hammer,left,slip,0,1,40,70,fill only if visible slip/instability occurs; recommended about 30 frames; delete or keep empty [] if no slip,50,050.png,0.8166666666666667,local_stable_slip_windows_1based_frames_v2,unknown,-1.360862374305725,1.4731898307800293,1.3747321367263794,1.3747321367263794,2.0055509665213465,2.4314857859060135,1.4588656612272541,0.999737560749054,-0.013878107070922852,0.003938198089599609,0.04206359386444092,2.7845351024957665e-10,1.0,2.854538827534725e-11,1.0,9.414039584023357e-16,1.0,test,0.9944058112835511
hammer_3,hammer,left,slip,0,1,40,70,fill only if visible slip/instability occurs; recommended about 30 frames; delete or keep empty [] if no slip,51,051.png,0.8333333333333334,local_stable_slip_windows_1based_frames_v2,unknown,-1.361579418182373,1.4743980169296265,1.3709690570831299,1.3709690570831299,2.0069250171204365,2.430494636863713,1.4638722463350964,0.9999785423278809,-0.007921814918518066,0.00391077995300293,0.02794361114501953,1.848260988701611e-10,1.0,2.4136768972393696e-11,1.0,8.162976685489084e-16,1.0,test,0.9937151385677817
hammer_3,hammer,left,slip,0,1,40,70,fill only if visible slip/instability occurs; recommended about 30 frames; delete or keep empty [] if no slip,52,052.png,0.85,local_stable_slip_windows_1based_frames_v2,unknown,-1.357581615447998,1.47273850440979,1.3785377740859985,1.3785377740859985,2.002994394643575,2.4315330430729416,1.4529837189175938,0.9999933242797852,-0.004716753959655762,0.0015867948532104492,0.03300738334655762,2.423952705221666e-10,1.0,4.040514103853532e-11,1.0,1.854357774172294e-15,1.0,test,0.994084933154707
hammer_3,hammer,left,slip,0,1,40,70,fill only if visible slip/instability occurs; recommended about 30 frames; delete or keep empty [] if no slip,53,053.png,0.8666666666666667,local_stable_slip_windows_1based_frames_v2,unknown,-1.360655426979065,1.47347092628479,1.387077808380127,1.387077808380127,2.0056170525736308,2.4385414919731745,1.4459286959447184,0.999995231628418,-0.01503598690032959,0.004326939582824707,0.0336688756942749,2.575445690045086e-10,1.0,5.732911714795286e-11,1.0,3.4022655925333234e-15,1.0,test,0.9940743540594923
hammer_3,hammer,left,slip,0,1,40,70,fill only if visible slip/instability occurs; recommended about 30 frames; delete or keep empty [] if no slip,54,054.png,0.8833333333333333,local_stable_slip_windows_1based_frames_v2,unknown,-1.3686935901641846,1.473659634590149,1.4023431539535522,1.4023431539535522,2.0112172588700843,2.4518485238320276,1.434182367573587,0.9999963045120239,-0.010679244995117188,0.0011087656021118164,0.035430073738098145,2.924480935195817e-10,1.0,7.356965731064591e-11,1.0,5.100162828820592e-15,1.0,test,0.9942673862481293
hammer_3,hammer,left,slip,0,1,40,70,fill only if visible slip/instability occurs; recommended about 30 frames; delete or keep empty [] if no slip,55,055.png,0.9,local_stable_slip_windows_1based_frames_v2,unknown,-1.3727772235870361,1.4732204675674438,1.4069225788116455,1.4069225788116455,2.013677196488794,2.456486717739174,1.4312626689998624,0.9999955892562866,-0.011914849281311035,3.063678741455078e-05,0.03219044208526611,2.845679247798216e-10,1.0,4.7243264855723055e-11,1.0,2.2042139333656053e-15,1.0,test,0.9941067639240648
hammer_3,hammer,left,slip,0,1,40,70,fill only if visible slip/instability occurs; recommended about 30 frames; delete or keep empty [] if no slip,56,056.png,0.9166666666666666,local_stable_slip_windows_1based_frames_v2,unknown,-1.3614115715026855,1.4698185920715332,1.4061774015426636,1.4061774015426636,2.003449066140828,2.4476811567746797,1.4247474317219795,0.9999960660934448,0.0001678466796875,-0.004579424858093262,0.03520834445953369,4.2269041045095435e-10,1.0,2.7351132469988215e-10,1.0,4.8171302423306514e-14,1.0,test,0.9944068041271514
hammer_3,hammer,left,slip,0,1,40,70,fill only if visible slip/instability occurs; recommended about 30 frames; delete or keep empty [] if no slip,57,057.png,0.9333333333333333,local_stable_slip_windows_1based_frames_v2,unknown,-1.3642985820770264,1.4628756046295166,1.4328291416168213,1.4328291416168213,2.000328886877745,2.4605517683527722,1.3960684025117953,0.9999970197677612,-0.00671696662902832,-0.009862899780273438,0.054291367530822754,9.769068887166554e-10,1.0,3.885015364968325e-10,1.0,6.063450116349303e-14,1.0,test,0.9953501765891012
hammer_3,hammer,left,slip,0,1,40,70,fill only if visible slip/instability occurs; recommended about 30 frames; delete or keep empty [] if no slip,58,058.png,0.95,local_stable_slip_windows_1based_frames_v2,unknown,-1.3658108711242676,1.46708083152771,1.4234846830368042,1.4234846830368042,2.0044364549461946,2.4584698787574473,1.4081184509492324,0.9999868869781494,-0.005155444145202637,-0.006390094757080078,0.036406874656677246,3.8386258061073875e-10,1.0,1.4002936310486547e-10,1.0,1.4133666296784614e-14,1.0,test,0.9945178828671857
hammer_3,hammer,left,slip,0,1,40,70,fill only if visible slip/instability occurs; recommended about 30 frames; delete or keep empty [] if no slip,59,059.png,0.9666666666666667,local_stable_slip_windows_1based_frames_v2,unknown,-1.3541700839996338,1.4580504894256592,1.4314866065979004,1.4314866065979004,1.9898964410526443,2.4512938932292783,1.3900898840346014,0.9999047517776489,0.014523506164550781,-0.015609145164489746,0.029143452644348145,3.546716809132988e-10,1.0,1.8435464266275403e-10,1.0,2.4846173295872687e-14,1.0,test,0.994447969679038
hammer_3,hammer,left,slip,0,1,40,70,fill only if visible slip/instability occurs; recommended about 30 frames; delete or keep empty [] if no slip,60,060.png,0.9833333333333333,local_stable_slip_windows_1based_frames_v2,unknown,-1.3514704704284668,1.4554129838943481,1.4307477474212646,1.4307477474212646,1.986126729624369,2.447802790847215,1.3881729641239244,0.9999182224273682,0.021306753158569336,-0.017807483673095703,0.02382516860961914,2.63786908982766e-10,1.0,3.975861653793267e-11,1.0,1.628568330708333e-15,1.0,test,0.994260844073142
hammer_3,hammer,left,slip,0,1,40,70,fill only if visible slip/instability occurs; recommended about 30 frames; delete or keep empty [] if no slip,61,061.png,1.0,local_stable_slip_windows_1based_frames_v2,unknown,-1.3266371488571167,1.445160150527954,1.4139108657836914,1.4139108657836914,1.961747686477983,2.418180704948021,1.3874610815226747,0.9999905824661255,0.03477442264556885,-0.0246584415435791,0.007733464241027832,1.645389380300344e-10,1.0,4.021883520666236e-11,1.0,2.1191652609559323e-15,1.0,test,0.9935521241247275
hammer_3,hammer,left,slip,0,1,40,70,fill only if visible slip/instability occurs; recommended about 30 frames; delete or keep empty [] if no slip,62,062.png,1.0166666666666666,local_stable_slip_windows_1based_frames_v2,unknown,-1.2675083875656128,1.4202079772949219,1.3810949325561523,1.3810949325561523,1.9035672332022615,2.351805992009884,1.3783019617465035,0.9999974966049194,0.09679019451141357,-0.04266762733459473,-0.051734209060668945,2.9296714360027565e-11,1.0,1.190498810643703e-10,1.0,4.4010388595191324e-14,1.0,test,0.9903580625026481
hammer_3,hammer,left,slip,0,1,40,70,fill only if visible slip/instability occurs; recommended about 30 frames; delete or keep empty [] if no slip,63,063.png,1.0333333333333334,local_stable_slip_windows_1based_frames_v2,unknown,-1.2805759906768799,1.427361011505127,1.3687177896499634,1.3687177896499634,1.9176116199749655,2.355975957595343,1.4010267371761413,0.9999983310699463,0.0852348804473877,-0.03971982002258301,-0.05476689338684082,1.16498494878714e-11,1.0,2.8576151861470223e-12,1.0,5.637161097421509e-17,1.0,test,0.9896397342766012
hammer_3,hammer,left,slip,0,1,40,70,fill only if visible slip/instability occurs; recommended about 30 frames; delete or keep empty [] if no slip,64,064.png,1.05,local_stable_slip_windows_1based_frames_v2,unknown,-1.2836886644363403,1.4300649166107178,1.3636441230773926,1.3636441230773926,1.9217029564745884,2.356367447434013,1.4092397823693341,0.9999990463256836,0.07048141956329346,-0.027985572814941406,-0.06784248352050781,3.04234480490162e-12,1.0,7.97566900761007e-14,1.0,1.4609839754791742e-19,1.0,test,0.9880987270091334
hammer_3,hammer,left,slip,0,1,40,70,fill only if visible slip/instability occurs; recommended about 30 frames; delete or keep empty [] if no slip,65,065.png,1.0666666666666667,local_stable_slip_windows_1based_frames_v2,unknown,-1.2173997163772583,1.419234037399292,1.3139116764068604,1.3139116764068604,1.8698361752699417,2.285312060911247,1.4231053622097307,0.9999991655349731,0.1340707540512085,-0.03617894649505615,-0.1168360710144043,3.3216111068254395e-13,1.0,3.696346410919128e-14,1.0,1.0426574785844261e-19,1.0,test,0.9834814637521472
hammer_3,hammer,left,slip,0,1,40,70,fill only if visible slip/instability occurs; recommended about 30 frames; delete or keep empty [] if no slip,66,066.png,1.0833333333333333,local_stable_slip_windows_1based_frames_v2,unknown,-1.249542236328125,1.4290237426757812,1.311915636062622,1.311915636062622,1.8982793939510034,2.3075067266737457,1.446951232852872,0.999998927116394,0.0770949125289917,-0.01613640785217285,-0.10199522972106934,1.7671825916672212e-13,1.0,8.816286844959222e-16,1.0,1.6404092418096993e-22,1.0,test,0.9837391356924262
hammer_3,hammer,left,slip,0,1,40,70,fill only if visible slip/instability occurs; recommended about 30 frames; delete or keep empty [] if no slip,67,067.png,1.1,local_stable_slip_windows_1based_frames_v2,unknown,-1.1670596599578857,1.4046233892440796,1.2715274095535278,1.2715274095535278,1.8261968994367888,2.225258876795787,1.4362218615925553,0.9999992847442627,0.10044872760772705,-0.015584588050842285,-0.10956752300262451,3.2174396068403166e-13,1.0,8.393656727783902e-14,1.0,5.131219508552992e-19,1.0,test,0.9836949112161746
hammer_3,hammer,left,slip,0,1,40,70,fill only if visible slip/instability occurs; recommended about 30 frames; delete or keep empty [] if no slip,68,068.png,1.1166666666666667,local_stable_slip_windows_1based_frames_v2,unknown,-1.244749903678894,1.4405429363250732,1.2750256061553955,1.2750256061553955,1.903829371058415,2.2913438350576314,1.4931683479131914,0.9999991655349731,0.03582608699798584,0.013181924819946289,-0.09369218349456787,4.7263557542524814e-14,1.0,1.3230669194490952e-16,1.0,1.1940248359662264e-23,1.0,test,0.9832799595734439
hammer_3,hammer,left,slip,0,1,40,70,fill only if visible slip/instability occurs; recommended about 30 frames; delete or keep empty [] if no slip,69,069.png,1.1333333333333333,local_stable_slip_windows_1based_frames_v2,unknown,-1.2373526096343994,1.4417383670806885,1.2862191200256348,1.2862191200256348,1.8999081555910928,2.2943431793001383,1.477125202763293,0.999998927116394,0.04633605480194092,0.011673450469970703,-0.07742500305175781,1.237753253840665e-13,1.0,7.772574435539249e-16,1.0,2.0353714497791966e-22,1.0,test,0.985933651635885
hammer_3,hammer,left,slip,0,1,40,70,fill only if visible slip/instability occurs; recommended about 30 frames; delete or keep empty [] if no slip,70,070.png,1.15,local_stable_slip_windows_1based_frames_v2,unknown,-1.280408501625061,1.449164867401123,1.3025755882263184,1.3025755882263184,1.9337850821493707,2.3315719819440677,1.484584553129848,0.9999980926513672,-0.06300878524780273,0.029930830001831055,-0.011336088180541992,2.7815423575550113e-13,1.0,1.7700869360885516e-17,1.0,3.680532119150178e-25,1.0,test,0.990421125309067
hammer_3,hammer,right,slip,0,1,40,70,fill only if visible slip/instability occurs; recommended about 30 frames; delete or keep empty [] if no slip,40,040.png,0.65,local_stable_slip_windows_1based_frames_v2,unknown,-1.3202441930770874,1.4590394496917725,1.3024762868881226,1.3024762868881226,1.9676993787442836,2.359721450302241,1.5107360401235934,0.9999889135360718,0.0,0.0,0.0,4.194960351311394e-11,1.0,1.6512595598597996e-13,1.0,2.5894868396457218e-19,1.0,test,0.9917285588362229
hammer_3,hammer,right,slip,0,1,40,70,fill only if visible slip/instability occurs; recommended about 30 frames; delete or keep empty [] if no slip,41,041.png,0.6666666666666666,local_stable_slip_windows_1based_frames_v2,unknown,-1.3142906427383423,1.4540376663208008,1.3073220252990723,1.3073220252990723,1.959996282820252,2.3559873315663804,1.4992440620189258,0.9999947547912598,0.005953550338745117,-0.00500178337097168,0.004845738410949707,4.6272003589864497e-11,1.0,5.730618345307914e-14,1.0,4.4045277048697467e-20,1.0,test,0.9922258617683055
hammer_3,hammer,right,slip,0,1,40,70,fill only if visible slip/instability occurs; recommended about 30 frames; delete or keep empty [] if no slip,42,042.png,0.6833333333333333,local_stable_slip_windows_1based_frames_v2,unknown,-1.3232958316802979,1.457047939300537,1.321186900138855,1.321186900138855,1.968273496128623,2.370577014285954,1.48977559961135,0.9999970197677612,-0.0030516386032104492,-0.0019915103912353516,0.018710613250732422,5.6236786061258925e-11,1.0,6.239849132186337e-14,1.0,4.9056459984165884e-20,1.0,test,0.9930718928685869
hammer_3,hammer,right,slip,0,1,40,70,fill only if visible slip/instability occurs; recommended about 30 frames; delete or keep empty [] if no slip,43,043.png,0.7,local_stable_slip_windows_1based_frames_v2,unknown,-1.330810308456421,1.4590764045715332,1.331282377243042,1.331282377243042,1.9748316463615998,2.3816533751638067,1.483404420215389,0.9999932050704956,-0.010566115379333496,3.695487976074219e-05,0.028806090354919434,7.072546714947947e-11,1.0,5.74475769688984e-14,1.0,4.146724588505378e-20,1.0,test,0.993615130922978
hammer_3,hammer,right,slip,0,1,40,70,fill only if visible slip/instability occurs; recommended about 30 frames; delete or keep empty [] if no slip,44,044.png,0.7166666666666667,local_stable_slip_windows_1based_frames_v2,unknown,-1.3087430000305176,1.4501070976257324,1.3409221172332764,1.3409221172332764,1.9533609074396376,2.369322890447559,1.456728489751152,0.9999959468841553,0.011501193046569824,-0.008932352066040039,0.03844583034515381,2.154296602219219e-10,1.0,1.2084543435375572e-12,1.0,5.717439306742025e-18,1.0,test,0.9944887709818232
hammer_3,hammer,right,slip,0,1,40,70,fill only if visible slip/instability occurs; recommended about 30 frames; delete or keep empty [] if no slip,45,045.png,0.7333333333333333,local_stable_slip_windows_1based_frames_v2,unknown,-1.3443671464920044,1.4596740007400513,1.362691879272461,1.362691879272461,1.9844322142626898,2.4072599300529705,1.456257858573514,0.999995231628418,-0.024122953414916992,0.0006345510482788086,0.06021559238433838,1.559556372932036e-10,1.0,5.6216543329072263e-14,1.0,3.513632213165115e-20,1.0,test,0.9951626801116022
hammer_3,hammer,right,slip,0,1,40,70,fill only if visible slip/instability occurs; recommended about 30 frames; delete or keep empty [] if no slip,46,046.png,0.75,local_stable_slip_windows_1based_frames_v2,unknown,-1.339556336402893,1.4552295207977295,1.3633620738983154,1.3633620738983154,1.9779039755757433,2.4022614930816015,1.4507536645541146,0.9999939203262329,-0.02526569366455078,0.001191854476928711,0.056040048599243164,1.3072726234852894e-10,1.0,2.6403551789616966e-14,1.0,1.0574414417968648e-20,1.0,test,0.9950146014283647
hammer_3,hammer,right,slip,0,1,40,70,fill only if visible slip/instability occurs; recommended about 30 frames; delete or keep empty [] if no slip,47,047.png,0.7666666666666667,local_stable_slip_windows_1based_frames_v2,unknown,-1.3225152492523193,1.4504166841506958,1.3634345531463623,1.3634345531463623,1.9628436367086461,2.389918183302735,1.4396306684089664,0.999995231628418,0.0007805824279785156,-0.006631255149841309,0.042247653007507324,7.784507760622006e-11,1.0,4.357795455869548e-14,1.0,2.964276688326787e-20,1.0,test,0.9946755400931279
hammer_3,hammer,right,slip,0,1,40,70,fill only if visible slip/instability occurs; recommended about 30 frames; delete or keep empty [] if no slip,48,048.png,0.7833333333333333,local_stable_slip_windows_1based_frames_v2,unknown,-1.33880615234375,1.4505947828292847,1.373521327972412,1.373521327972412,1.9739876234477804,2.4048259762236674,1.4371718487909642,0.9999946355819702,-0.007995843887329102,-0.008481621742248535,0.04223895072937012,5.3274901851141365e-11,1.0,5.266497229771761e-15,1.0,9.576277625565287e-22,1.0,test,0.9945959747204028
hammer_3,hammer,right,slip,0,1,40,70,fill only if visible slip/instability occurs; recommended about 30 frames; delete or keep empty [] if no slip,49,049.png,0.8,local_stable_slip_windows_1based_frames_v2,unknown,-1.2930047512054443,1.4428094625473022,1.337867259979248,1.337867259979248,1.9374107545525519,2.3544530654018714,1.4481326842918028,0.9999973773956299,0.015738248825073242,-0.007297635078430176,-0.0030548572540283203,1.0373772153793315e-11,1.0,1.8185163796905282e-14,1.0,1.3550649843819222e-20,1.0,test,0.9922805357186262
hammer_3,hammer,right,slip,0,1,40,70,fill only if visible slip/instability occurs; recommended about 30 frames; delete or keep empty [] if no slip,50,050.png,0.8166666666666667,local_stable_slip_windows_1based_frames_v2,unknown,-1.3403260707855225,1.4542406797409058,1.3621147871017456,1.3621147871017456,1.9776981394137603,2.4013843140742557,1.451931001858385,0.9999982118606567,0.004041075706481934,-0.005433320999145508,-0.000577092170715332,2.4606382469788413e-12,1.0,2.0391302427355066e-17,1.0,3.051396565270889e-25,1.0,test,0.9922205411754436
hammer_3,hammer,right,slip,0,1,40,70,fill only if visible slip/instability occurs; recommended about 30 frames; delete or keep empty [] if no slip,51,051.png,0.8333333333333334,local_stable_slip_windows_1based_frames_v2,unknown,-1.3455631732940674,1.4567519426345825,1.3494186401367188,1.3494186401367188,1.9830951756521498,2.3986657003516063,1.4695911610203252,0.9999985694885254,-0.006006836891174316,0.0015224218368530273,-0.01394343376159668,8.19862786601705e-13,1.0,2.4698326824980886e-18,1.0,1.4797574578908225e-26,1.0,test,0.9909819975163509
hammer_3,hammer,right,slip,0,1,40,70,fill only if visible slip/instability occurs; recommended about 30 frames; delete or keep empty [] if no slip,52,052.png,0.85,local_stable_slip_windows_1based_frames_v2,unknown,-1.3522765636444092,1.452623724937439,1.3512632846832275,1.3512632846832275,1.9846328604638823,2.400974813563432,1.468722945585092,0.9999972581863403,-0.029761314392089844,0.002207040786743164,-0.012171268463134766,6.180992675151875e-13,1.0,2.725462511049945e-18,1.0,1.8360185982682977e-26,1.0,test,0.990773330863644
hammer_3,hammer,right,slip,0,1,40,70,fill only if visible slip/instability occurs; recommended about 30 frames; delete or keep empty [] if no slip,53,053.png,0.8666666666666667,local_stable_slip_windows_1based_frames_v2,unknown,-1.3450396060943604,1.4385849237442017,1.3612068891525269,1.3612068891525269,1.9694309139410253,2.394063975724726,1.446825962173325,0.9999974966049194,-0.0062334537506103516,-0.012009859085083008,-0.012314438819885254,5.697141434828079e-13,1.0,2.6133644420028306e-18,1.0,1.7059865876966758e-26,1.0,test,0.9912708775248278
hammer_3,hammer,right,slip,0,1,40,70,fill only if visible slip/instability occurs; recommended about 30 frames; delete or keep empty [] if no slip,54,054.png,0.8833333333333333,local_stable_slip_windows_1based_frames_v2,unknown,-1.334133505821228,1.431751012802124,1.357581377029419,1.357581377029419,1.9569934016278003,2.381774626045009,1.4415282893624306,0.9999983310699463,-0.04112875461578369,-0.011058449745178223,0.0197141170501709,1.6094134488650602e-12,1.0,1.0352788233102394e-17,1.0,1.3294152680530332e-25,1.0,test,0.9930399898036074
hammer_3,hammer,right,slip,0,1,40,70,fill only if visible slip/instability occurs; recommended about 30 frames; delete or keep empty [] if no slip,55,055.png,0.9,local_stable_slip_windows_1based_frames_v2,unknown,-1.3297488689422607,1.4250165224075317,1.3611993789672852,1.3611993789672852,1.9490777674550794,2.377344714779201,1.4318815933138402,0.9999994039535522,0.010577201843261719,-0.029224157333374023,-0.0009154081344604492,6.649729052989051e-13,1.0,3.0348863763779623e-19,1.0,7.165087246282388e-28,1.0,test,0.9923700819853406
hammer_3,hammer,right,slip,0,1,40,70,fill only if visible slip/instability occurs; recommended about 30 frames; delete or keep empty [] if no slip,56,056.png,0.9166666666666666,local_stable_slip_windows_1based_frames_v2,unknown,-1.3296613693237305,1.4117624759674072,1.380493402481079,1.380493402481079,1.9393485106141912,2.3805114324269203,1.4048217125174267,0.999998927116394,0.015901803970336914,-0.04498946666717529,0.03107476234436035,2.1136584236330913e-12,1.0,7.630926749451622e-19,1.0,2.618761286279178e-27,1.0,test,0.9943853311145372
hammer_3,hammer,right,slip,0,1,40,70,fill only if visible slip/instability occurs; recommended about 30 frames; delete or keep empty [] if no slip,57,057.png,0.9333333333333333,local_stable_slip_windows_1based_frames_v2,unknown,-1.3322420120239258,1.414109706878662,1.3794808387756348,1.3794808387756348,1.9428265598580883,2.3827594142588424,1.4083741483559165,0.9999991655349731,0.0200345516204834,-0.038514018058776855,0.028217554092407227,1.4452715283233553e-12,1.0,2.7730844879867533e-19,1.0,6.279610620953732e-28,1.0,test,0.9942829168767019
hammer_3,hammer,right,slip,0,1,40,70,fill only if visible slip/instability occurs; recommended about 30 frames; delete or keep empty [] if no slip,58,058.png,0.95,local_stable_slip_windows_1based_frames_v2,unknown,-1.3152081966400146,1.4070364236831665,1.3643537759780884,1.3643537759780884,1.9260124864808625,2.3602934826215707,1.4116654409774974,0.9999992847442627,0.029831409454345703,-0.031548500061035156,0.0031468868255615234,3.022308423493436e-13,1.0,1.834385937876998e-20,1.0,1.348273438178466e-29,1.0,test,0.9930419652115784
hammer_3,hammer,right,slip,0,1,40,70,fill only if visible slip/instability occurs; recommended about 30 frames; delete or keep empty [] if no slip,59,059.png,0.9666666666666667,local_stable_slip_windows_1based_frames_v2,unknown,-1.3271300792694092,1.404839038848877,1.390292763710022,1.390292763710022,1.9325752177794955,2.3807059753778743,1.3900481094170964,0.9999994039535522,0.007003426551818848,-0.02691197395324707,0.03271138668060303,1.0458479785327435e-12,1.0,8.120689274904788e-20,1.0,1.08052493970523e-28,1.0,test,0.99455211051357
hammer_3,hammer,right,slip,0,1,40,70,fill only if visible slip/instability occurs; recommended about 30 frames; delete or keep empty [] if no slip,60,060.png,0.9833333333333333,local_stable_slip_windows_1based_frames_v2,unknown,-1.3146048784255981,1.3801846504211426,1.3924012184143066,1.3924012184143066,1.9060681141130589,2.3604823254326983,1.3689062606376228,0.9999982118606567,0.015143990516662598,-0.04483187198638916,0.031201839447021484,1.16347881849721e-12,1.0,3.317655031475403e-20,1.0,3.024942908778922e-29,1.0,test,0.994645136712535
hammer_3,hammer,right,slip,0,1,40,70,fill only if visible slip/instability occurs; recommended about 30 frames; delete or keep empty [] if no slip,61,061.png,1.0,local_stable_slip_windows_1based_frames_v2,unknown,-1.3060553073883057,1.3839952945709229,1.3750388622283936,1.3750388622283936,1.902951245132575,2.347755377800245,1.3839244209608925,0.9999990463256836,0.023606061935424805,-0.027767181396484375,-0.005454540252685547,1.7205492944000894e-13,1.0,1.209945617289066e-21,1.0,2.494843584408375e-31,1.0,test,0.992714855697093
hammer_3,hammer,right,slip,0,1,40,70,fill only if visible slip/instability occurs; recommended about 30 frames; delete or keep empty [] if no slip,62,062.png,1.0166666666666666,local_stable_slip_windows_1based_frames_v2,unknown,-1.306971788406372,1.4020884037017822,1.353024959564209,1.353024959564209,1.9167751948220644,2.3462104953922807,1.4166581071655353,0.9999992847442627,0.02527022361755371,-0.012021303176879883,-0.02645587921142578,5.345875313061098e-14,1.0,1.1300623056085696e-22,1.0,9.292542186691333e-33,1.0,test,0.991035568049345
hammer_3,hammer,right,slip,0,1,40,70,fill only if visible slip/instability occurs; recommended about 30 frames; delete or keep empty [] if no slip,63,063.png,1.0333333333333334,local_stable_slip_windows_1based_frames_v2,unknown,-1.2056608200073242,1.3394416570663452,1.3146748542785645,1.3146748542785645,1.8021437139100118,2.230715566372758,1.3707893911985993,0.9999996423721313,0.10954737663269043,-0.06759476661682129,-0.049678921699523926,2.7356814526918218e-14,1.0,1.3372761987370923e-21,1.0,5.119047500938301e-31,1.0,test,0.990768011525743
hammer_3,hammer,right,slip,0,1,40,70,fill only if visible slip/instability occurs; recommended about 30 frames; delete or keep empty [] if no slip,64,064.png,1.05,local_stable_slip_windows_1based_frames_v2,unknown,-1.2881401777267456,1.3933327198028564,1.3322707414627075,1.3322707414627075,1.8975460957634513,2.3185397374435293,1.4242935856915546,0.9999995231628418,0.038989901542663574,-0.011506319046020508,-0.05802202224731445,1.2550858179897866e-14,1.0,1.2458402178925823e-23,1.0,4.388797239226284e-34,1.0,test,0.9884466922043863
hammer_3,hammer,right,slip,0,1,40,70,fill only if visible slip/instability occurs; recommended about 30 frames; delete or keep empty [] if no slip,65,065.png,1.0666666666666667,local_stable_slip_windows_1based_frames_v2,unknown,-1.2882834672927856,1.3991351127624512,1.32147216796875,1.32147216796875,1.9019078200230206,2.3159322197725793,1.4392330212398203,0.9999997615814209,0.0263214111328125,0.018950462341308594,-0.07092905044555664,1.0129042752932051e-14,1.0,6.152834620672086e-24,1.0,1.6004811320095128e-34,1.0,test,0.9868651936701366
hammer_3,hammer,right,slip,0,1,40,70,fill only if visible slip/instability occurs; recommended about 30 frames; delete or keep empty [] if no slip,66,066.png,1.0833333333333333,local_stable_slip_windows_1based_frames_v2,unknown,-1.2917485237121582,1.4210739135742188,1.2986658811569214,1.2986658811569214,1.9204336271669704,2.318318008219487,1.478773082636978,0.9999996423721313,0.014306783676147461,0.0370786190032959,-0.07637298107147217,1.1690075346810786e-14,1.0,5.073052068797333e-24,1.0,1.1219629809343136e-34,1.0,test,0.9854764246892412
hammer_3,hammer,right,slip,0,1,40,70,fill only if visible slip/instability occurs; recommended about 30 frames; delete or keep empty [] if no slip,67,067.png,1.1,local_stable_slip_windows_1based_frames_v2,unknown,-1.288217306137085,1.4174193143844604,1.2964000701904297,1.2964000701904297,1.9153541031937678,2.3128412143099997,1.477439464711657,0.9999992847442627,0.01875448226928711,0.015330910682678223,-0.0566248893737793,4.830904353305722e-14,1.0,3.2443094329459184e-23,1.0,1.6228667459231184e-33,1.0,test,0.987672337344069
hammer_3,hammer,right,slip,0,1,40,70,fill only if visible slip/instability occurs; recommended about 30 frames; delete or keep empty [] if no slip,68,068.png,1.1166666666666667,local_stable_slip_windows_1based_frames_v2,unknown,-1.297619342803955,1.4426583051681519,1.279832363128662,1.279832363128662,1.9403811337697583,2.32444613230789,1.516120136942149,0.999998927116394,-0.09195852279663086,0.10321664810180664,-0.034842491149902344,4.7500157561615464e-14,1.0,3.030576721462786e-23,1.0,1.7965142611754407e-33,1.0,test,0.9878871765103291
hammer_3,hammer,right,slip,0,1,40,70,fill only if visible slip/instability occurs; recommended about 30 frames; delete or keep empty [] if no slip,69,069.png,1.1333333333333333,local_stable_slip_windows_1based_frames_v2,unknown,-1.321319341659546,1.4488475322723389,1.2866029739379883,1.2866029739379883,1.9608783680828503,2.3452912797691754,1.5240729920031795,0.9999995231628418,-0.03317916393280029,0.05551481246948242,-0.04566776752471924,4.5191853866944146e-14,1.0,2.0665001850891436e-23,1.0,1.097508565839883e-33,1.0,test,0.9873877775690261
hammer_3,hammer,right,slip,0,1,40,70,fill only if visible slip/instability occurs; recommended about 30 frames; delete or keep empty [] if no slip,70,070.png,1.15,local_stable_slip_windows_1based_frames_v2,unknown,-1.3366351127624512,1.463744044303894,1.274681806564331,1.274681806564331,1.9822058550777744,2.356682787286129,1.5550581249467383,0.9999996423721313,-0.04835164546966553,0.06460893154144287,-0.046790361404418945,1.0532537061752004e-14,1.0,3.3833668356468385e-24,1.0,1.001715992946814e-34,1.0,test,0.9865406012704894
lemon_1,lemon,left,stable,0,0,50,80,fill a stable/contact-stable window; recommended about 30 frames,50,050.png,0.8166666666666667,local_stable_slip_windows_1based_frames_v2,unknown,0.000181686133146286,-0.03236705809831619,0.6460059881210327,0.6460059881210327,0.0323675680240384,0.6468163542675948,0.05010405246262471,0.0016115154139697552,0.1413942240178585,0.08089593797922134,0.07049447298049927,0.9787156581878662,0.02128434181213379,0.8327372670173645,0.1672627329826355,0.6537068486213684,0.3462931513786316,train,0.0006865909466324438
lemon_1,lemon,left,stable,0,0,50,80,fill a stable/contact-stable window; recommended about 30 frames,51,051.png,0.8333333333333334,local_stable_slip_windows_1based_frames_v2,unknown,-0.012494586408138275,-0.02662533149123192,0.6425380110740662,0.6425380110740662,0.02941127277981046,0.643210788654501,0.04577352078692727,0.0002452104527037591,0.12871795147657394,0.08663766458630562,0.06702649593353271,0.9650396108627319,0.034960389137268066,0.7321995496749878,0.2678004503250122,0.5175317525863647,0.48246824741363525,train,0.0018575747650427558
lemon_1,lemon,left,stable,0,0,50,80,fill a stable/contact-stable window; recommended about 30 frames,52,052.png,0.85,local_stable_slip_windows_1based_frames_v2,unknown,-0.00018594413995742798,-0.03741385415196419,0.6357902884483337,0.6357902884483337,0.03741431621355163,0.6368901961429011,0.058846852565190545,0.00022729288320988417,0.1410265937447548,0.07584914192557335,0.06027877330780029,0.9265742301940918,0.0734257698059082,0.5316774249076843,0.4683225750923157,0.3259373605251312,0.6740626096725464,train,0.01031000495119306
lemon_1,lemon,left,stable,0,0,50,80,fill a stable/contact-stable window; recommended about 30 frames,53,053.png,0.8666666666666667,local_stable_slip_windows_1based_frames_v2,unknown,-0.0004935488104820251,-0.02497527189552784,0.6346850395202637,0.6346850395202637,0.02498014805168038,0.6351764378403236,0.03935827558230519,0.00019137981871608645,0.1407189890742302,0.0882877241820097,0.059173524379730225,0.9308369755744934,0.06916302442550659,0.543011486530304,0.45698851346969604,0.3306049108505249,0.6693950891494751,train,0.009594833277047651
lemon_1,lemon,left,stable,0,0,50,80,fill a stable/contact-stable window; recommended about 30 frames,54,054.png,0.8833333333333333,local_stable_slip_windows_1based_frames_v2,unknown,0.004828831180930138,-0.02036115527153015,0.6417628526687622,0.6417628526687622,0.02092592302779696,0.6421039271956781,0.03260688949802474,9.732640319271013e-05,0.14604136906564236,0.09290184080600739,0.06625133752822876,0.9671491980552673,0.032850801944732666,0.7505956292152405,0.24940437078475952,0.5487585067749023,0.45124149322509766,train,0.0015391732584414777
lemon_1,lemon,left,stable,0,0,50,80,fill a stable/contact-stable window; recommended about 30 frames,55,055.png,0.9,local_stable_slip_windows_1based_frames_v2,unknown,-0.01048722118139267,-0.03396511450409889,0.6471508145332336,0.6471508145332336,0.03554730385534183,0.6481263669705251,0.05492884831201588,0.0003233883762732148,-0.010668907314538956,-0.0015980564057826996,0.0011448264122009277,0.298490971326828,0.7015089988708496,0.015249194577336311,0.9847508072853088,0.0026753228157758713,0.9973247051239014,train,0.36572168643686315
lemon_1,lemon,left,stable,0,0,50,80,fill a stable/contact-stable window; recommended about 30 frames,56,056.png,0.9166666666666666,local_stable_slip_windows_1based_frames_v2,unknown,-0.007085159420967102,-0.06067609041929245,0.6398279070854187,0.6398279070854187,0.06108835758629194,0.6427375343932372,0.09547608260552769,0.00030369465821422637,0.005409426987171173,-0.03405075892806053,-0.002710103988647461,0.23136800527572632,0.7686319947242737,0.008857998996973038,0.9911419749259949,0.0011312266578897834,0.9988687634468079,train,0.3906675914384314
lemon_1,lemon,left,stable,0,0,50,80,fill a stable/contact-stable window; recommended about 30 frames,57,057.png,0.9333333333333333,local_stable_slip_windows_1based_frames_v2,unknown,0.00027884915471076965,-0.03091084398329258,0.6364383101463318,0.6364383101463318,0.0309121017177826,0.6371885754268739,0.04857038404914871,0.0003236672200728208,0.00046479329466819763,0.006503010168671608,0.0006480216979980469,0.30650579929351807,0.6934942007064819,0.015842996537685394,0.9841570258140564,0.0028097950853407383,0.9971901774406433,train,0.36492134311696806
lemon_1,lemon,left,stable,0,0,50,80,fill a stable/contact-stable window; recommended about 30 frames,58,058.png,0.95,local_stable_slip_windows_1based_frames_v2,unknown,0.005620162934064865,-0.014187309890985489,0.6305632591247559,0.6305632591247559,0.015259947357323724,0.6307478812896499,0.024200463531670883,8.489818719681352e-05,0.00611371174454689,0.01078796200454235,-0.0041217803955078125,0.30575433373451233,0.6942456960678101,0.014579921029508114,0.9854201078414917,0.002389089437201619,0.9976109266281128,train,0.361197941773692
lemon_1,lemon,left,stable,0,0,50,80,fill a stable/contact-stable window; recommended about 30 frames,59,059.png,0.9666666666666667,local_stable_slip_windows_1based_frames_v2,unknown,-0.013321734964847565,-0.03687078133225441,0.6523952484130859,0.6523952484130859,0.03920361129442749,0.653572094944771,0.06009171786286,0.0007939425413496792,-0.018150566145777702,-0.01650962606072426,0.01063239574432373,0.35093221068382263,0.649067759513855,0.023188164457678795,0.9768118262290955,0.005147887859493494,0.9948521256446838,train,0.34789907653057806
lemon_1,lemon,left,stable,0,0,50,80,fill a stable/contact-stable window; recommended about 30 frames,60,060.png,0.9833333333333333,local_stable_slip_windows_1based_frames_v2,unknown,-0.019299481064081192,-0.0270773284137249,0.6438650488853455,0.6438650488853455,0.03325134107622642,0.6447230823070443,0.051643258925968855,0.00037317126407288015,-0.008812259882688522,0.006887786090373993,-0.0032857656478881836,0.26492249965667725,0.7350775003433228,0.011067247949540615,0.988932728767395,0.001583149773068726,0.9984168410301208,train,0.3784130132662607
lemon_1,lemon,left,stable,0,0,50,80,fill a stable/contact-stable window; recommended about 30 frames,61,061.png,1.0,local_stable_slip_windows_1based_frames_v2,unknown,0.002104526851326227,-0.049670323729515076,0.6288427114486694,0.6288427114486694,0.04971488803832089,0.6308048238835665,0.07905762136635273,0.0020346040837466717,0.00918968627229333,0.011005766689777374,-0.010985195636749268,0.2038375288248062,0.796162486076355,0.006658931728452444,0.9933410882949829,0.0006995114963501692,0.999300479888916,train,0.3993496769088091
lemon_1,lemon,left,stable,0,0,50,80,fill a stable/contact-stable window; recommended about 30 frames,62,062.png,1.0166666666666666,local_stable_slip_windows_1based_frames_v2,unknown,-0.013683836907148361,-0.027393534779548645,0.6373540759086609,0.6373540759086609,0.030621122451990175,0.6380892345257071,0.04804405520476074,0.000692042289301753,-0.01396268606185913,0.0035173092037439346,0.0009157657623291016,0.2929145395755768,0.7070854902267456,0.014473247341811657,0.9855267405509949,0.0024432926438748837,0.9975566864013672,train,0.36765498422547926
lemon_1,lemon,left,stable,0,0,50,80,fill a stable/contact-stable window; recommended about 30 frames,63,063.png,1.0333333333333334,local_stable_slip_windows_1based_frames_v2,unknown,-0.007384732365608215,-0.03582853451371193,0.6450816988945007,0.6450816988945007,0.03658166422556399,0.6461181133555437,0.05670848759121146,0.00018313141481485218,-0.01300489529967308,-0.02164122462272644,0.014518439769744873,0.37332212924957275,0.6266778707504272,0.025339676067233086,0.974660336971283,0.00575826084241271,0.9942417144775391,train,0.3429401289324733
lemon_1,lemon,left,stable,0,0,50,80,fill a stable/contact-stable window; recommended about 30 frames,64,064.png,1.05,local_stable_slip_windows_1based_frames_v2,unknown,0.0013187747681513429,-0.018517274409532547,0.6365225911140442,0.6365225911140442,0.01856417567378206,0.6367932455805289,0.029164945232102116,0.00015372326015494764,0.014640509732998908,0.018353506922721863,-0.015872657299041748,0.24761734902858734,0.7523826360702515,0.00919684860855341,0.9908031225204468,0.0011541860876604915,0.9988458156585693,train,0.3742066983577311
lemon_1,lemon,left,stable,0,0,50,80,fill a stable/contact-stable window; recommended about 30 frames,65,065.png,1.0666666666666667,local_stable_slip_windows_1based_frames_v2,unknown,-0.001606921898201108,-0.037078868597745895,0.635809600353241,0.635809600353241,0.037113672608296594,0.6368918845422854,0.05837221428468971,0.00021933075913693756,0.017692559165880084,-0.010001540184020996,-0.008055448532104492,0.24804629385471344,0.7519537210464478,0.009353168308734894,0.9906468391418457,0.0011987396283075213,0.9988012313842773,train,0.38353425789483125
lemon_1,lemon,left,stable,0,0,50,80,fill a stable/contact-stable window; recommended about 30 frames,66,066.png,1.0833333333333333,local_stable_slip_windows_1based_frames_v2,unknown,-0.004382594022899866,-0.019875869154930115,0.6441782116889954,0.6441782116889954,0.02035331189348456,0.6444996708454285,0.03159572914518542,0.00023773974680807441,-0.006487120874226093,0.02979445457458496,0.015335500240325928,0.4382891058921814,0.5617108941078186,0.034207843244075775,0.965792179107666,0.008651523850858212,0.9913485050201416,train,0.3191571639724242
lemon_1,lemon,left,stable,0,0,50,80,fill a stable/contact-stable window; recommended about 30 frames,67,067.png,1.1,local_stable_slip_windows_1based_frames_v2,unknown,-0.01723559759557247,-0.024297956377267838,0.6429844498634338,0.6429844498634338,0.02979020826694762,0.6436741872055852,0.04633107681250777,0.0002375161275267601,-0.0035517606884241104,0.0030955784022808075,0.005630373954772949,0.33729153871536255,0.6627084612846375,0.018823835998773575,0.9811761379241943,0.00360509124584496,0.99639493227005,train,0.3572089885647511
lemon_1,lemon,left,stable,0,0,50,80,fill a stable/contact-stable window; recommended about 30 frames,68,068.png,1.1166666666666667,local_stable_slip_windows_1based_frames_v2,unknown,-0.00702259223908186,-0.018926016986370087,0.6466467380523682,0.6466467380523682,0.02018689973038906,0.6469617567943973,0.031217769030151995,0.0008866409189067781,0.00036214012652635574,0.016902517527341843,0.0015650391578674316,0.33308467268943787,0.6669152975082397,0.016749603673815727,0.9832503795623779,0.0029162627179175615,0.9970837235450745,train,0.3602793642743123
lemon_1,lemon,left,stable,0,0,50,80,fill a stable/contact-stable window; recommended about 30 frames,69,069.png,1.1333333333333333,local_stable_slip_windows_1based_frames_v2,unknown,-0.007994958199560642,-0.03536849468946457,0.6371747255325317,0.6371747255325317,0.036260857314898184,0.6382056726719597,0.05690872370348459,0.00017820212815422565,-0.009313732967711985,-0.016851220279932022,0.0006521344184875488,0.28661367297172546,0.7133862972259521,0.014395218342542648,0.9856047630310059,0.0024667014367878437,0.9975333213806152,train,0.366847214142537
lemon_1,lemon,left,stable,0,0,50,80,fill a stable/contact-stable window; recommended about 30 frames,70,070.png,1.15,local_stable_slip_windows_1based_frames_v2,unknown,-0.007049765903502703,-0.007319839671254158,0.6278089880943298,0.6278089880943298,0.010162640016602746,0.6278912364288368,0.016187445579594357,0.0005133295780979097,-0.005442844005301595,0.029759028926491737,-0.008000612258911133,0.29845622181892395,0.7015438079833984,0.0139138363301754,0.9860861897468567,0.0022367725614458323,0.9977632164955139,train,0.3567347987024632
lemon_1,lemon,left,stable,0,0,50,80,fill a stable/contact-stable window; recommended about 30 frames,71,071.png,1.1666666666666667,local_stable_slip_windows_1based_frames_v2,unknown,-0.008904555812478065,-0.029207784682512283,0.6424951553344727,0.6424951553344727,0.03053499304531665,0.6432203436059417,0.047525565393337875,0.0008935333462432027,-0.004521961789578199,-0.009331915527582169,-0.001683056354522705,0.2757434844970703,0.7242565155029297,0.01194251049309969,0.9880574941635132,0.0017783136572688818,0.9982216954231262,train,0.375872223645552
lemon_1,lemon,left,stable,0,0,50,80,fill a stable/contact-stable window; recommended about 30 frames,72,072.png,1.1833333333333333,local_stable_slip_windows_1based_frames_v2,unknown,-0.0022846367210149765,-0.03208538889884949,0.651026725769043,0.651026725769043,0.032166624717825526,0.6518209028646581,0.04940899357216758,0.000483935495140031,0.014950960874557495,-0.00778743252158165,0.00804227590560913,0.3808782696723938,0.6191217303276062,0.025321371853351593,0.974678635597229,0.005660603754222393,0.9943394064903259,train,0.3420153603478925
lemon_1,lemon,left,stable,0,0,50,80,fill a stable/contact-stable window; recommended about 30 frames,73,073.png,1.2,local_stable_slip_windows_1based_frames_v2,unknown,-0.006825806573033333,-0.0206961240619421,0.6435723900794983,0.6435723900794983,0.021792686538372543,0.6439412569941436,0.03386200684226638,0.001112105674110353,0.00019678566604852676,-0.0017701070755720139,-0.003074347972869873,0.3110710382461548,0.6889289617538452,0.015401042066514492,0.9845989346504211,0.0026345429942011833,0.9973654747009277,train,0.358464200207779
lemon_1,lemon,left,stable,0,0,50,80,fill a stable/contact-stable window; recommended about 30 frames,74,074.png,1.2166666666666666,local_stable_slip_windows_1based_frames_v2,unknown,-0.0004692189395427704,-0.03446085751056671,0.6492781639099121,0.6492781639099121,0.0344640518044064,0.6501922061952169,0.05308048328066832,0.000543990230653435,0.007525739260017872,0.0009076371788978577,0.012103438377380371,0.37909743189811707,0.6209025382995605,0.023998340591788292,0.9760016798973083,0.005153067409992218,0.9948469400405884,train,0.35051484134580685
lemon_1,lemon,left,stable,0,0,50,80,fill a stable/contact-stable window; recommended about 30 frames,75,075.png,1.2333333333333334,local_stable_slip_windows_1based_frames_v2,unknown,-0.00028128549456596375,-0.03992326930165291,0.6422661542892456,0.6422661542892456,0.039924260209323284,0.643505834859917,0.062161454065800405,0.0013726692413911223,0.006768480408936739,-0.03260342963039875,0.014457166194915771,0.3885786533355713,0.6114213466644287,0.026916956529021263,0.9730830192565918,0.0062732635997235775,0.9937267303466797,train,0.34077455241247606
lemon_1,lemon,left,stable,0,0,50,80,fill a stable/contact-stable window; recommended about 30 frames,76,076.png,1.25,local_stable_slip_windows_1based_frames_v2,unknown,-0.0014094109646975994,-0.0145958811044693,0.6443992257118225,0.6443992257118225,0.014663771154897833,0.6445660464859125,0.022755689042007737,0.00020038342336192727,0.007495144847780466,0.014611903578042984,0.0019040703773498535,0.321239173412323,0.678760826587677,0.015540307387709618,0.9844596982002258,0.002610529772937298,0.9973894953727722,train,0.36940504428647547
lemon_1,lemon,left,stable,0,0,50,80,fill a stable/contact-stable window; recommended about 30 frames,77,077.png,1.2666666666666666,local_stable_slip_windows_1based_frames_v2,unknown,-0.0043532634153962135,-0.01896544173359871,0.6484958529472351,0.6484958529472351,0.01945864544397566,0.6487877235061376,0.030005766960227498,0.00037651421735063195,-0.002068626694381237,0.013119947165250778,-0.0025308728218078613,0.30671021342277527,0.6932897567749023,0.014404665678739548,0.9855953454971313,0.0023225238546729088,0.9976775050163269,train,0.364434026697837
lemon_1,lemon,left,stable,0,0,50,80,fill a stable/contact-stable window; recommended about 30 frames,78,078.png,1.2833333333333334,local_stable_slip_windows_1based_frames_v2,unknown,-0.0008573121158406138,-0.022854188457131386,0.6243325471878052,0.6243325471878052,0.022870262659139808,0.6247512932296427,0.036631481300587916,0.0007864311337471008,0.005968494457192719,-0.0021580643951892853,-0.019239842891693115,0.22417785227298737,0.7758221626281738,0.008451075293123722,0.9915488958358765,0.0010432726703584194,0.9989567399024963,train,0.3696351767880117
lemon_1,lemon,left,stable,0,0,50,80,fill a stable/contact-stable window; recommended about 30 frames,79,079.png,1.3,local_stable_slip_windows_1based_frames_v2,unknown,-0.002347361296415329,-0.020398955792188644,0.6392330527305603,0.6392330527305603,0.02053357013447918,0.639562759395588,0.03212214688308253,0.00010512579319765791,-0.0018781423568725586,0.014061901718378067,-0.010045111179351807,0.25580668449401855,0.7441933155059814,0.010321365669369698,0.9896786212921143,0.0014101879205554724,0.998589813709259,train,0.37409857298014465
lemon_1,lemon,left,stable,0,0,50,80,fill a stable/contact-stable window; recommended about 30 frames,80,080.png,1.3166666666666667,local_stable_slip_windows_1based_frames_v2,unknown,-0.007443840615451336,-0.028912486508488655,0.6430248618125916,0.6430248618125916,0.029855361984269784,0.6437175743665184,0.04642948869912025,0.0005557828699238598,-0.007162555120885372,0.011010782793164253,0.0007587075233459473,0.29884466528892517,0.7011553049087524,0.014285835437476635,0.9857141375541687,0.0023399321362376213,0.9976600408554077,train,0.3699037161093413
lemon_1,lemon,left,slip,0,1,28,39,fill only if visible slip/instability occurs; recommended about 30 frames; delete or keep empty [] if no slip,28,028.png,0.45,local_stable_slip_windows_1based_frames_v2,unknown,0.02852366492152214,-0.11107134819030762,0.5648274421691895,0.5648274421691895,0.11467538467067735,0.5763510070059363,0.20302693014231626,0.0001759915758157149,0.0,0.0,0.0,0.11729998141527176,0.8827000260353088,0.0035921528469771147,0.9964078664779663,0.00028388496139086783,0.9997161030769348,train,0.432357765058013
lemon_1,lemon,left,slip,0,1,28,39,fill only if visible slip/instability occurs; recommended about 30 frames; delete or keep empty [] if no slip,29,029.png,0.4666666666666667,local_stable_slip_windows_1based_frames_v2,unknown,-0.0014498787932097912,-0.06852589547634125,0.5757988095283508,0.5757988095283508,0.06854123211140463,0.5798639233075424,0.11903656614188206,0.00012907541531603783,-0.02997354371473193,0.04254545271396637,0.010971367359161377,0.23985593020915985,0.760144054889679,0.010454794391989708,0.9895452260971069,0.0015311466995626688,0.9984688758850098,train,0.39781791638824066
lemon_1,lemon,left,slip,0,1,28,39,fill only if visible slip/instability occurs; recommended about 30 frames; delete or keep empty [] if no slip,30,030.png,0.48333333333333334,local_stable_slip_windows_1based_frames_v2,unknown,0.03589718043804169,-0.08965222537517548,0.5521291494369507,0.5521291494369507,0.09657188554710207,0.5605111298949319,0.17490782860813486,0.0004210375191178173,0.0073735155165195465,0.02141912281513214,-0.01269829273223877,0.08018871396780014,0.9198113083839417,0.002625402295961976,0.9973745942115784,0.00017658121942076832,0.9998233914375305,train,0.4309668817922889
lemon_1,lemon,left,slip,0,1,28,39,fill only if visible slip/instability occurs; recommended about 30 frames; delete or keep empty [] if no slip,31,031.png,0.5,local_stable_slip_windows_1based_frames_v2,unknown,0.010040855966508389,-0.07818016409873962,0.5633878707885742,0.5633878707885742,0.07882231186057678,0.5688750739826182,0.13990747057223432,0.002336002653464675,-0.018482808955013752,0.03289118409156799,-0.0014395713806152344,0.12452468276023865,0.875475287437439,0.00408425647765398,0.9959157705307007,0.000349213310983032,0.999650776386261,train,0.4328933297321755
lemon_1,lemon,left,slip,0,1,28,39,fill only if visible slip/instability occurs; recommended about 30 frames; delete or keep empty [] if no slip,32,032.png,0.5166666666666667,local_stable_slip_windows_1based_frames_v2,unknown,0.023749468848109245,-0.08443888276815414,0.5812554955482483,0.5812554955482483,0.08771523353273017,0.5878366382752449,0.1509062422605636,0.00038087484426796436,-0.004774196073412895,0.026632465422153473,0.016428053379058838,0.23509258031845093,0.7649074196815491,0.009352518245577812,0.9906474947929382,0.0012536310823634267,0.998746395111084,train,0.41837772632886067
lemon_1,lemon,left,slip,0,1,28,39,fill only if visible slip/instability occurs; recommended about 30 frames; delete or keep empty [] if no slip,33,033.png,0.5333333333333333,local_stable_slip_windows_1based_frames_v2,unknown,0.013277605175971985,-0.07763324677944183,0.5677215456962585,0.5677215456962585,0.07876049647333817,0.5731587644383322,0.13873061246272295,0.0013453144347295165,-0.015246059745550156,0.033438101410865784,0.002894103527069092,0.16987577080726624,0.8301242589950562,0.006525395438075066,0.9934746026992798,0.0007447596290148795,0.9992552399635315,train,0.41960757959590816
lemon_1,lemon,left,slip,0,1,28,39,fill only if visible slip/instability occurs; recommended about 30 frames; delete or keep empty [] if no slip,34,034.png,0.55,local_stable_slip_windows_1based_frames_v2,unknown,-0.0038510458543896675,-0.0940549373626709,0.5734227895736694,0.5734227895736694,0.09413374419658743,0.5810979757312164,0.1641608630618102,0.0013492080615833402,-0.0024011670611798763,-0.02552904188632965,-0.0023760199546813965,0.1400432288646698,0.8599567413330078,0.004274237435311079,0.9957257509231567,0.0003684879338834435,0.9996315240859985,train,0.41836132474853
lemon_1,lemon,left,slip,0,1,28,39,fill only if visible slip/instability occurs; recommended about 30 frames; delete or keep empty [] if no slip,35,035.png,0.5666666666666667,local_stable_slip_windows_1based_frames_v2,unknown,-0.062272973358631134,-0.15347273647785187,0.5657370686531067,0.5657370686531067,0.16562549336658577,0.5894830234206366,0.29276002896694275,0.5340167284011841,-0.09817015379667282,-0.06382051110267639,0.013607919216156006,0.010937487706542015,0.989062488079071,0.001419116510078311,0.9985808730125427,0.00012381310807541013,0.9998762011528015,train,0.9482722211790011
lemon_1,lemon,left,slip,0,1,28,39,fill only if visible slip/instability occurs; recommended about 30 frames; delete or keep empty [] if no slip,36,036.png,0.5833333333333334,local_stable_slip_windows_1based_frames_v2,unknown,-0.14224542677402496,-0.18179352581501007,0.5687777996063232,0.5687777996063232,0.23083034346978135,0.6138329029885805,0.4058349988247613,0.9271718859672546,-0.15228628274053335,-0.10361336171627045,0.0053899288177490234,0.0009362591663375497,0.9990637302398682,0.0003359787806402892,0.9996640086174011,2.2071593775763176e-05,0.9999779462814331,train,0.9931533608795159
lemon_1,lemon,left,slip,0,1,28,39,fill only if visible slip/instability occurs; recommended about 30 frames; delete or keep empty [] if no slip,37,037.png,0.6,local_stable_slip_windows_1based_frames_v2,unknown,-0.1489630490541458,-0.12416529655456543,0.566543459892273,0.566543459892273,0.19392527130828263,0.598814247324409,0.34229488599210206,0.9528908729553223,-0.17271251790225506,-0.039726413786411285,-0.014712035655975342,0.0007322744349949062,0.9992676973342896,0.0002207746874773875,0.999779224395752,1.107154275814537e-05,0.9999889135360718,train,0.9932624240239942
lemon_1,lemon,left,slip,0,1,28,39,fill only if visible slip/instability occurs; recommended about 30 frames; delete or keep empty [] if no slip,38,038.png,0.6166666666666667,local_stable_slip_windows_1based_frames_v2,unknown,-0.16955430805683136,-0.14690040051937103,0.5692192912101746,0.5692192912101746,0.22433990071626245,0.6118324873191975,0.3941178910528839,0.9559294581413269,-0.18283191323280334,-0.0692671537399292,0.0014977455139160156,0.0006508317310363054,0.9993491768836975,0.0002270992408739403,0.9997729063034058,1.236365187651245e-05,0.9999876618385315,train,0.993882228592372
lemon_1,lemon,left,slip,0,1,28,39,fill only if visible slip/instability occurs; recommended about 30 frames; delete or keep empty [] if no slip,39,039.png,0.6333333333333333,local_stable_slip_windows_1based_frames_v2,unknown,-0.14121253788471222,-0.11326299607753754,0.5755115151405334,0.5755115151405334,0.18102344360966502,0.6033100290859204,0.3145430183485431,0.8942593336105347,-0.13736149203032255,-0.019208058714866638,0.0020887255668640137,0.0024551034439355135,0.9975448846817017,0.0007469555712305009,0.9992530345916748,6.713608308928087e-05,0.9999328851699829,train,0.9924911325366784
lemon_1,lemon,right,stable,0,0,50,80,fill a stable/contact-stable window; recommended about 30 frames,50,050.png,0.8166666666666667,local_stable_slip_windows_1based_frames_v2,unknown,-0.02173605002462864,0.012901082634925842,0.6407381296157837,0.6407381296157837,0.025276348704398422,0.6412364965809099,0.039448735899047196,0.0010065563255921006,0.004050860181450844,0.009471355006098747,-0.013091862201690674,0.282066285610199,0.717933714389801,0.0016917797038331628,0.9983082413673401,3.915659908670932e-05,0.9999608397483826,train,0.36939157183598603
lemon_1,lemon,right,stable,0,0,50,80,fill a stable/contact-stable window; recommended about 30 frames,51,051.png,0.8333333333333334,local_stable_slip_windows_1based_frames_v2,unknown,-0.014170587994158268,0.014800552278757095,0.6552644968032837,0.6552644968032837,0.02049053224922194,0.655584794426104,0.031270580168168645,0.012221640907227993,0.011616322211921215,0.01137082464993,0.0014345049858093262,0.342261403799057,0.6577385663986206,0.0026619352865964174,0.997338056564331,8.006990537978709e-05,0.9999199509620667,train,0.39413445128478525
lemon_1,lemon,right,stable,0,0,50,80,fill a stable/contact-stable window; recommended about 30 frames,52,052.png,0.85,local_stable_slip_windows_1based_frames_v2,unknown,-0.018689515069127083,0.014754747971892357,0.651339590549469,0.651339590549469,0.02381177358436767,0.6517747024688694,0.03655809868118326,0.011532171629369259,0.0070973951369524,0.011325020343065262,-0.002490401268005371,0.3265937566757202,0.6734062433242798,0.0023414010647684336,0.9976586103439331,6.519028829643503e-05,0.9999347925186157,train,0.3892209194291349
lemon_1,lemon,right,stable,0,0,50,80,fill a stable/contact-stable window; recommended about 30 frames,53,053.png,0.8666666666666667,local_stable_slip_windows_1based_frames_v2,unknown,-0.018471674993634224,0.016016094014048576,0.6506080627441406,0.6506080627441406,0.02444827283341902,0.6510672540930168,0.037577516566247984,0.0012904474278911948,0.007315235212445259,0.012586366385221481,-0.0032219290733337402,0.32193541526794434,0.6780645847320557,0.0022713837679475546,0.9977286458015442,6.216919427970424e-05,0.9999378323554993,train,0.37579871426205685
lemon_1,lemon,right,stable,0,0,50,80,fill a stable/contact-stable window; recommended about 30 frames,54,054.png,0.8833333333333333,local_stable_slip_windows_1based_frames_v2,unknown,-0.014807028695940971,0.017142292112112045,0.6439616084098816,0.6439616084098816,0.022651849320958282,0.6443598834374321,0.035175721424093,0.002597758313640952,0.010979881510138512,0.01371256448328495,-0.009868383407592773,0.2888733744621277,0.7111266255378723,0.001822733785957098,0.9981772899627686,4.422490019351244e-05,0.9999557733535767,train,0.37941514737652415
lemon_1,lemon,right,stable,0,0,50,80,fill a stable/contact-stable window; recommended about 30 frames,55,055.png,0.9,local_stable_slip_windows_1based_frames_v2,unknown,-0.017704768106341362,0.013245968148112297,0.6449899077415466,0.6449899077415466,0.022111410761869715,0.6453688058578048,0.034281740248546175,0.011415529996156693,0.004031281918287277,0.0003448855131864548,0.0042517781257629395,0.35082870721817017,0.6491712927818298,0.003199078608304262,0.9968008995056152,0.00011289421672699973,0.9998871088027954,train,0.3875481356457982
lemon_1,lemon,right,stable,0,0,50,80,fill a stable/contact-stable window; recommended about 30 frames,56,056.png,0.9166666666666666,local_stable_slip_windows_1based_frames_v2,unknown,-0.016911376267671585,0.00840296782553196,0.6465350985527039,0.6465350985527039,0.018883975099106942,0.6468108210103617,0.02920792070447335,0.0021691974252462387,-0.002740788273513317,-0.006397584453225136,-0.008729398250579834,0.2745879590511322,0.7254120111465454,0.0017596915131434798,0.9982402920722961,4.2677165765780956e-05,0.9999573230743408,train,0.3797898096546259
lemon_1,lemon,right,stable,0,0,50,80,fill a stable/contact-stable window; recommended about 30 frames,57,057.png,0.9333333333333333,local_stable_slip_windows_1based_frames_v2,unknown,-0.022075623273849487,0.011476786807179451,0.6518135666847229,0.6518135666847229,0.02488071096947138,0.6522882610415476,0.03817145587282642,0.002420650329440832,-0.0033861082047224045,-0.003277961164712906,0.00047397613525390625,0.30782297253608704,0.6921770572662354,0.0023513215128332376,0.9976486563682556,6.881187437102199e-05,0.9999312162399292,train,0.38428889417919665
lemon_1,lemon,right,stable,0,0,50,80,fill a stable/contact-stable window; recommended about 30 frames,58,058.png,0.95,local_stable_slip_windows_1based_frames_v2,unknown,-0.017018573358654976,0.015431391075253487,0.6451014280319214,0.6451014280319214,0.022973020473619352,0.6455103501250042,0.035611430798215174,0.0022066179662942886,0.001453101634979248,-0.0005847029387950897,-0.005506634712219238,0.2949002683162689,0.7050997018814087,0.0020082721021026373,0.9979917407035828,5.242460611043498e-05,0.9999475479125977,train,0.37910601982908687
lemon_1,lemon,right,stable,0,0,50,80,fill a stable/contact-stable window; recommended about 30 frames,59,059.png,0.9666666666666667,local_stable_slip_windows_1based_frames_v2,unknown,-0.021791592240333557,0.016732029616832733,0.6516256928443909,0.6516256928443909,0.027474248078292032,0.6522046288415929,0.04216255776503758,0.002920168451964855,-0.006984563544392586,-0.00041026249527931213,0.007664084434509277,0.3710307776927948,0.6289691925048828,0.00370027800090611,0.9962997436523438,0.00014162172737997025,0.9998583793640137,train,0.3696018061113587
lemon_1,lemon,right,stable,0,0,50,80,fill a stable/contact-stable window; recommended about 30 frames,60,060.png,0.9833333333333333,local_stable_slip_windows_1based_frames_v2,unknown,-0.015410559251904488,0.01340455561876297,0.629091739654541,0.629091739654541,0.020424677422005197,0.6294232156104268,0.0324668783067202,0.011483117006719112,0.0022942088544368744,0.0001585874706506729,-0.015898168087005615,0.22250500321388245,0.7774950265884399,0.0012397918617352843,0.9987602233886719,2.4876180759747513e-05,0.9999751448631287,train,0.40073243295190675
lemon_1,lemon,right,stable,0,0,50,80,fill a stable/contact-stable window; recommended about 30 frames,61,061.png,1.0,local_stable_slip_windows_1based_frames_v2,unknown,-0.013464042916893959,0.02137267217040062,0.6411236524581909,0.6411236524581909,0.025260078530586153,0.64162107922722,0.03939963692510391,0.005937839392572641,0.003447333350777626,0.01296970434486866,-0.0054114460945129395,0.2883974611759186,0.7116025686264038,0.0019152808235958219,0.9980847239494324,4.869521580985747e-05,0.9999513030052185,train,0.389247663276028
lemon_1,lemon,right,stable,0,0,50,80,fill a stable/contact-stable window; recommended about 30 frames,62,062.png,1.0166666666666666,local_stable_slip_windows_1based_frames_v2,unknown,-0.016675662249326706,0.017504695802927017,0.6463804244995117,0.6463804244995117,0.024176271147690054,0.6468323934859598,0.037402484402161706,0.0025070738047361374,0.005399961024522781,0.006027908995747566,-0.005433142185211182,0.2708260715007782,0.7291738986968994,0.0017812371952459216,0.9982187747955322,4.4194795918883756e-05,0.9999558329582214,train,0.39304015241861834
lemon_1,lemon,right,stable,0,0,50,80,fill a stable/contact-stable window; recommended about 30 frames,63,063.png,1.0333333333333334,local_stable_slip_windows_1based_frames_v2,unknown,-0.018544821068644524,0.014763081446290016,0.6444858312606812,0.6444858312606812,0.023703564336568336,0.6449215810143347,0.03677897388562894,0.0027940685395151377,-0.0015262477099895477,-0.0006683096289634705,-0.0006155967712402344,0.315660297870636,0.684339702129364,0.0024929791688919067,0.9975070357322693,7.568380533484742e-05,0.9999243021011353,train,0.3790160052546499
lemon_1,lemon,right,stable,0,0,50,80,fill a stable/contact-stable window; recommended about 30 frames,64,064.png,1.05,local_stable_slip_windows_1based_frames_v2,unknown,-0.013067401945590973,0.01917894184589386,0.6421487331390381,0.6421487331390381,0.023207516108705244,0.642567960822828,0.03614035000101815,0.011974968947470188,0.008724190294742584,0.0024469122290611267,-0.009476959705352783,0.2734948992729187,0.7265051007270813,0.0015052016824483871,0.9984948039054871,3.194934470229782e-05,0.9999680519104004,train,0.39706524847183067
lemon_1,lemon,right,stable,0,0,50,80,fill a stable/contact-stable window; recommended about 30 frames,65,065.png,1.0666666666666667,local_stable_slip_windows_1based_frames_v2,unknown,-0.014386391267180443,0.019480327144265175,0.6462433338165283,0.6462433338165283,0.024216758646441523,0.6466969134777442,0.03747306920808805,0.0023533941712230444,0.0010241679847240448,0.006075771525502205,0.017151594161987305,0.40739595890045166,0.5926040410995483,0.004847205244004726,0.9951527714729309,0.00021751080930698663,0.9997825026512146,train,0.37490353111196645
lemon_1,lemon,right,stable,0,0,50,80,fill a stable/contact-stable window; recommended about 30 frames,66,066.png,1.0833333333333333,local_stable_slip_windows_1based_frames_v2,unknown,-0.01580030843615532,0.016256755217909813,0.6413794755935669,0.6413794755935669,0.02267006477477907,0.6417799962211128,0.035345735702040214,0.0024939600843936205,-0.00233626551926136,-0.005115916952490807,0.00025582313537597656,0.338852196931839,0.6611478328704834,0.0028692069463431835,0.997130811214447,9.470966324442998e-05,0.9999052882194519,train,0.3685967865519634
lemon_1,lemon,right,stable,0,0,50,80,fill a stable/contact-stable window; recommended about 30 frames,67,067.png,1.1,local_stable_slip_windows_1based_frames_v2,unknown,-0.018463796004652977,0.019356142729520798,0.6396176815032959,0.6396176815032959,0.02675017802309024,0.6401768119167693,0.04182207117562497,0.003851644229143858,-0.001788133755326271,0.0018514469265937805,-0.00676274299621582,0.2563641667366028,0.7436358332633972,0.001652250182814896,0.9983477592468262,3.972524791606702e-05,0.9999603033065796,train,0.393415615388017
lemon_1,lemon,right,stable,0,0,50,80,fill a stable/contact-stable window; recommended about 30 frames,68,068.png,1.1166666666666667,local_stable_slip_windows_1based_frames_v2,unknown,-0.012084728106856346,0.018268339335918427,0.6215132474899292,0.6215132474899292,0.02190371830326779,0.6218990992765522,0.03524250391962689,0.002265671268105507,0.0064600929617881775,0.0035052578896284103,-0.022972583770751953,0.20512299239635468,0.7948769927024841,0.0010591596364974976,0.9989408254623413,1.917702866194304e-05,0.9999808073043823,train,0.38169269693286895
lemon_1,lemon,right,stable,0,0,50,80,fill a stable/contact-stable window; recommended about 30 frames,69,069.png,1.1333333333333333,local_stable_slip_windows_1based_frames_v2,unknown,-0.01804596558213234,0.020133832469582558,0.6406445503234863,0.6406445503234863,0.027037531020873962,0.6412148375879076,0.042203572642035336,0.001321106101386249,-0.004978563636541367,0.0009548906236886978,-0.0015041828155517578,0.288570761680603,0.711429238319397,0.0019491777056828141,0.9980508089065552,5.060638068243861e-05,0.9999493956565857,train,0.3851582240733145
lemon_1,lemon,right,stable,0,0,50,80,fill a stable/contact-stable window; recommended about 30 frames,70,070.png,1.15,local_stable_slip_windows_1based_frames_v2,unknown,-0.017315365374088287,0.023167548701167107,0.650050938129425,0.650050938129425,0.028923298409052958,0.6506940750873675,0.04449382689678919,0.0022374941036105156,-0.0029289741069078445,0.0036872215569019318,0.0038076043128967285,0.3377932012081146,0.662206768989563,0.0029480764642357826,0.9970518946647644,9.941508324118331e-05,0.9999005794525146,train,0.3776334880780412
lemon_1,lemon,right,stable,0,0,50,80,fill a stable/contact-stable window; recommended about 30 frames,71,071.png,1.1666666666666667,local_stable_slip_windows_1based_frames_v2,unknown,-0.015751291066408157,0.01642235368490219,0.6438307166099548,0.6438307166099548,0.0227551504238212,0.6442327130170422,0.035343320058285804,0.07603277266025543,4.9017369747161865e-05,0.00016559846699237823,0.0024512410163879395,0.34525778889656067,0.6547422409057617,0.003447335446253419,0.9965526461601257,0.00013428549573291093,0.999865710735321,train,0.47591892847547135
lemon_1,lemon,right,stable,0,0,50,80,fill a stable/contact-stable window; recommended about 30 frames,72,072.png,1.1833333333333333,local_stable_slip_windows_1based_frames_v2,unknown,-0.016023075208067894,0.013776924461126328,0.6386218070983887,0.6386218070983887,0.02113155429046763,0.6389713257168451,0.03308925715709997,0.00535967294126749,0.002440720796585083,-0.00557921826839447,-0.0009958744049072266,0.30175483226776123,0.6982451677322388,0.002213351661339402,0.9977866411209106,6.221568764885888e-05,0.9999377727508545,train,0.3881693894763011
lemon_1,lemon,right,stable,0,0,50,80,fill a stable/contact-stable window; recommended about 30 frames,73,073.png,1.2,local_stable_slip_windows_1based_frames_v2,unknown,-0.012688495218753815,0.01851056143641472,0.6324051022529602,0.6324051022529602,0.02244189821756667,0.6328031701494428,0.035486530154622054,0.007339612580835819,-0.0006037671118974686,0.00024222210049629211,0.010891854763031006,0.36236175894737244,0.6376382112503052,0.004324094858020544,0.9956759214401245,0.00019766994228120893,0.9998023509979248,train,0.3850793274875964
lemon_1,lemon,right,stable,0,0,50,80,fill a stable/contact-stable window; recommended about 30 frames,74,074.png,1.2166666666666666,local_stable_slip_windows_1based_frames_v2,unknown,-0.016882408410310745,0.015063991770148277,0.6372458338737488,0.6372458338737488,0.02262608145003518,0.6376473887276831,0.035505992728898914,0.003381208050996065,0.0011635571718215942,-0.00506984069943428,-0.003398716449737549,0.2938748896121979,0.7061251401901245,0.0020285530481487513,0.9979714751243591,5.364667595131323e-05,0.9999463558197021,train,0.38322187818378656
lemon_1,lemon,right,stable,0,0,50,80,fill a stable/contact-stable window; recommended about 30 frames,75,075.png,1.2333333333333334,local_stable_slip_windows_1based_frames_v2,unknown,-0.01910415291786194,0.01667916774749756,0.6465131640434265,0.6465131640434265,0.025360664333928945,0.6470103821245071,0.03922677296862047,0.00825874786823988,-0.0017887875437736511,-0.006488380953669548,-0.003537774085998535,0.30088844895362854,0.6991115808486938,0.0021665545646101236,0.9978334307670593,5.998252163408324e-05,0.999940037727356,train,0.38636410703360125
lemon_1,lemon,right,stable,0,0,50,80,fill a stable/contact-stable window; recommended about 30 frames,76,076.png,1.25,local_stable_slip_windows_1based_frames_v2,unknown,-0.018439117819070816,0.017317630350589752,0.652100145816803,0.652100145816803,0.025296272193847894,0.65259060793211,0.03879194563009473,0.0012008105404675007,-0.0026878267526626587,0.000895276665687561,0.008269429206848145,0.38481405377388,0.6151859760284424,0.004121106117963791,0.9958788752555847,0.0001681810972513631,0.9998317956924438,train,0.36446069594643926
lemon_1,lemon,right,stable,0,0,50,80,fill a stable/contact-stable window; recommended about 30 frames,77,077.png,1.2666666666666666,local_stable_slip_windows_1based_frames_v2,unknown,-0.01602378487586975,0.011567967012524605,0.6461839079856873,0.6461839079856873,0.019763085349990512,0.6464860574538372,0.030584257084549947,0.014546881429851055,-7.096678018569946e-07,-0.0022089574486017227,0.007562100887298584,0.3768012225627899,0.6231987476348877,0.00388418510556221,0.9961158037185669,0.00015361922851298004,0.9998463988304138,train,0.38521114441272253
lemon_1,lemon,right,stable,0,0,50,80,fill a stable/contact-stable window; recommended about 30 frames,78,078.png,1.2833333333333334,local_stable_slip_windows_1based_frames_v2,unknown,-0.018239540979266167,0.013441642746329308,0.6362341046333313,0.6362341046333313,0.02265741853906303,0.6366374121220265,0.03561170764401742,0.005168559495359659,-0.005551045760512352,-0.005068918690085411,0.0038290023803710938,0.35307514667510986,0.6469248533248901,0.003732964862138033,0.9962670207023621,0.0001519879442639649,0.9998480081558228,train,0.37025285946227926
lemon_1,lemon,right,stable,0,0,50,80,fill a stable/contact-stable window; recommended about 30 frames,79,079.png,1.3,local_stable_slip_windows_1based_frames_v2,unknown,-0.02076779305934906,0.013844244182109833,0.64327472448349,0.64327472448349,0.024959253304733076,0.6437587556568375,0.038800241257003425,0.002244297182187438,-0.003885384649038315,-0.0012197475880384445,0.006028890609741211,0.3487955331802368,0.6512044668197632,0.0030616638250648975,0.9969383478164673,0.00010353847756050527,0.9998964667320251,train,0.375511849816834
lemon_1,lemon,right,stable,0,0,50,80,fill a stable/contact-stable window; recommended about 30 frames,80,080.png,1.3166666666666667,local_stable_slip_windows_1based_frames_v2,unknown,-0.015428461134433746,0.020067326724529266,0.6429492831230164,0.6429492831230164,0.025312744119232494,0.6434473682308806,0.0393696756711582,0.0017371830763295293,0.003675691783428192,0.0033881589770317078,-0.0035638809204101562,0.30579674243927,0.69420325756073,0.0021984754130244255,0.9978015422821045,6.115674477769062e-05,0.9999388456344604,train,0.3782915041344941
lemon_1,lemon,right,slip,0,1,28,39,fill only if visible slip/instability occurs; recommended about 30 frames; delete or keep empty [] if no slip,28,028.png,0.45,local_stable_slip_windows_1based_frames_v2,unknown,0.017561431974172592,0.018145639449357986,0.6344018578529358,0.6344018578529358,0.025252091477926897,0.6349042332283398,0.03980450460672533,0.0022075860761106014,0.0,0.0,0.0,0.32903867959976196,0.670961320400238,0.003658057888969779,0.9963419437408447,0.00015236667240969837,0.9998476505279541,train,0.3710691394700191
lemon_1,lemon,right,slip,0,1,28,39,fill only if visible slip/instability occurs; recommended about 30 frames; delete or keep empty [] if no slip,29,029.png,0.4666666666666667,local_stable_slip_windows_1based_frames_v2,unknown,0.01330538559705019,0.010102233849465847,0.6287210583686829,0.6287210583686829,0.01670593950173064,0.6289429685200973,0.02657126353269169,0.000422670622356236,-0.004256046377122402,-0.00804340559989214,-0.00568079948425293,0.3604668378829956,0.6395331621170044,0.004961381200700998,0.995038628578186,0.0002624198968987912,0.999737560749054,train,0.3401713366910079
lemon_1,lemon,right,slip,0,1,28,39,fill only if visible slip/instability occurs; recommended about 30 frames; delete or keep empty [] if no slip,30,030.png,0.48333333333333334,local_stable_slip_windows_1based_frames_v2,unknown,0.003777358215302229,0.017032088711857796,0.6430624723434448,0.6430624723434448,0.017445930212382055,0.6432990780480251,0.027129406291428414,0.0001994552876567468,-0.013784073758870363,-0.0011135507375001907,0.008660614490509033,0.3753984272480011,0.6246016025543213,0.0048608323559165,0.9951391816139221,0.000234971332247369,0.9997650384902954,train,0.36198798371732194
lemon_1,lemon,right,slip,0,1,28,39,fill only if visible slip/instability occurs; recommended about 30 frames; delete or keep empty [] if no slip,31,031.png,0.5,local_stable_slip_windows_1based_frames_v2,unknown,-0.00917044747620821,0.01844068057835102,0.6346324682235718,0.6346324682235718,0.02059504326547206,0.634966554655164,0.032451870720150454,0.00031704024877399206,-0.026731879450380802,0.00029504112899303436,0.00023061037063598633,0.3163986802101135,0.6836013197898865,0.0035281325690448284,0.9964718818664551,0.00014700304018333554,0.9998530149459839,train,0.36490959668066697
lemon_1,lemon,right,slip,0,1,28,39,fill only if visible slip/instability occurs; recommended about 30 frames; delete or keep empty [] if no slip,32,032.png,0.5166666666666667,local_stable_slip_windows_1based_frames_v2,unknown,-0.03863329067826271,-0.002199979731813073,0.6565346121788025,0.6565346121788025,0.038695879101676045,0.6576739831012187,0.05893949754417513,0.0004693401278927922,-0.0561947226524353,-0.02034561918117106,0.0221327543258667,0.4377674162387848,0.5622326135635376,0.007769889198243618,0.9922301173210144,0.0004901249776594341,0.999509871006012,train,0.33995734099334707
lemon_1,lemon,right,slip,0,1,28,39,fill only if visible slip/instability occurs; recommended about 30 frames; delete or keep empty [] if no slip,33,033.png,0.5333333333333333,local_stable_slip_windows_1based_frames_v2,unknown,-0.10997439920902252,-0.03192383050918579,0.6209892630577087,0.6209892630577087,0.11451418879669312,0.6314595507779741,0.18440577189219357,0.9989099502563477,-0.12753583118319511,-0.05006946995854378,-0.01341259479522705,0.004177778027951717,0.9958222508430481,0.0001429232652299106,0.9998570680618286,2.690294650165015e-06,0.9999973177909851,train,0.9957024021496659
lemon_1,lemon,right,slip,0,1,28,39,fill only if visible slip/instability occurs; recommended about 30 frames; delete or keep empty [] if no slip,34,034.png,0.55,local_stable_slip_windows_1based_frames_v2,unknown,-0.1555936634540558,-0.0689125508069992,0.6157166957855225,0.6157166957855225,0.17017146578019837,0.6387999508725896,0.27637904017537845,0.9999524354934692,-0.16889904905110598,-0.07901478465646505,-0.0130043625831604,0.001246649888344109,0.9987533688545227,4.511527004069649e-05,0.999954879283905,4.955036274623126e-07,0.9999995231628418,train,0.9951532065787092
lemon_1,lemon,right,slip,0,1,28,39,fill only if visible slip/instability occurs; recommended about 30 frames; delete or keep empty [] if no slip,35,035.png,0.5666666666666667,local_stable_slip_windows_1based_frames_v2,unknown,-0.16448743641376495,-0.07679921388626099,0.6107752919197083,0.6107752919197083,0.18153301625742913,0.6371818368496742,0.2972168675487705,0.9999895095825195,-0.16826479462906718,-0.09383130259811878,-0.03228718042373657,0.000566306000109762,0.999433696269989,1.3531200238503516e-05,0.999986469745636,7.814510638581851e-08,0.9999999403953552,train,0.9941558882581448
lemon_1,lemon,right,slip,0,1,28,39,fill only if visible slip/instability occurs; recommended about 30 frames; delete or keep empty [] if no slip,36,036.png,0.5833333333333334,local_stable_slip_windows_1based_frames_v2,unknown,-0.1529766023159027,-0.07395438849925995,0.6103845238685608,0.6103845238685608,0.16991495647651894,0.6335932128839978,0.27837317536565315,0.9999769926071167,-0.1438061548396945,-0.09239506907761097,-0.024247944355010986,0.0008603397291153669,0.999139666557312,2.2243872081162408e-05,0.9999777674674988,1.6223911813995073e-07,0.9999998211860657,train,0.994812761904412
lemon_1,lemon,right,slip,0,1,28,39,fill only if visible slip/instability occurs; recommended about 30 frames; delete or keep empty [] if no slip,37,037.png,0.6,local_stable_slip_windows_1based_frames_v2,unknown,-0.11390065401792526,-0.06249309331178665,0.627172589302063,0.627172589302063,0.129918226963682,0.6404874725310722,0.20714875304022093,0.9890889525413513,-0.07526736333966255,-0.06029311357997358,-0.029362022876739502,0.002600589068606496,0.9973993897438049,5.085951124783605e-05,0.9999491572380066,4.847001946473029e-07,0.9999995231628418,train,0.9951653608046669
lemon_1,lemon,right,slip,0,1,28,39,fill only if visible slip/instability occurs; recommended about 30 frames; delete or keep empty [] if no slip,38,038.png,0.6166666666666667,local_stable_slip_windows_1based_frames_v2,unknown,-0.03593626618385315,-0.020208505913615227,0.6464425921440125,0.6464425921440125,0.041228617955218545,0.6477559909999809,0.06377759553386333,0.005215937737375498,0.07403813302516937,0.011715324595570564,0.02545332908630371,0.505557119846344,0.494442880153656,0.007540921680629253,0.9924590587615967,0.00039497041143476963,0.9996050000190735,train,0.37750661275391645
lemon_1,lemon,right,slip,0,1,28,39,fill only if visible slip/instability occurs; recommended about 30 frames; delete or keep empty [] if no slip,39,039.png,0.6333333333333333,local_stable_slip_windows_1based_frames_v2,unknown,-0.025786910206079483,0.003429727628827095,0.6538299918174744,0.6538299918174744,0.026013991804110844,0.654347297671216,0.039787027732960376,0.002350078197196126,0.1298067532479763,0.0723422784358263,0.038113296031951904,0.6898419260978699,0.3101580739021301,0.024989113211631775,0.975010871887207,0.0022427078802138567,0.9977573156356812,train,0.33637222219234175
lemon_2,lemon,left,stable,0,0,60,90,fill a stable/contact-stable window; recommended about 30 frames,60,060.png,0.9833333333333333,local_stable_slip_windows_1based_frames_v2,unknown,-1.283679485321045,1.4486018419265747,1.3103439807891846,1.3103439807891846,1.9355310169220146,2.337366395210134,1.4771156033705704,4.919796629110351e-05,-0.022882699966430664,0.03596079349517822,-0.06722545623779297,4.996318463124094e-12,1.0,1.2238720779010615e-13,1.0,8.947188755922167e-19,1.0,train,0.17016830484252787
lemon_2,lemon,left,stable,0,0,60,90,fill a stable/contact-stable window; recommended about 30 frames,61,061.png,1.0,local_stable_slip_windows_1based_frames_v2,unknown,-1.2824050188064575,1.4491697549819946,1.3061127662658691,1.3061127662658691,1.935111265797025,2.334649046263109,1.4815794119752956,3.630712308222428e-05,-0.02160823345184326,0.036528706550598145,-0.0714566707611084,3.7832636329282465e-12,1.0,8.458633641607316e-14,1.0,5.304189178492424e-19,1.0,train,0.16472165222630158
lemon_2,lemon,left,stable,0,0,60,90,fill a stable/contact-stable window; recommended about 30 frames,62,062.png,1.0166666666666666,local_stable_slip_windows_1based_frames_v2,unknown,-1.2824175357818604,1.448983907699585,1.3080885410308838,1.3080885410308838,1.934980387717968,2.335646534052078,1.479241540447638,5.27879674336873e-05,-0.021620750427246094,0.03634285926818848,-0.06948089599609375,4.482174614101053e-12,1.0,1.0746445915218658e-13,1.0,7.464713594153099e-19,1.0,train,0.1674454271498079
lemon_2,lemon,left,stable,0,0,60,90,fill a stable/contact-stable window; recommended about 30 frames,63,063.png,1.0333333333333334,local_stable_slip_windows_1based_frames_v2,unknown,-1.283823847770691,1.4493612051010132,1.3089969158172607,1.3089969158172607,1.936195128326844,2.3371616333868963,1.4791430184348295,3.993605787400156e-05,-0.02302706241607666,0.0367201566696167,-0.0685725212097168,4.558685026689879e-12,1.0,1.0320022424516531e-13,1.0,6.910292169674253e-19,1.0,train,0.1682276971779224
lemon_2,lemon,left,stable,0,0,60,90,fill a stable/contact-stable window; recommended about 30 frames,64,064.png,1.05,local_stable_slip_windows_1based_frames_v2,unknown,-1.2846369743347168,1.4497671127319336,1.3084872961044312,1.3084872961044312,1.9370381609526806,2.337574777638916,1.480363383241209,4.6099557948764414e-05,-0.02384018898010254,0.03712606430053711,-0.06908214092254639,4.460036073100637e-12,1.0,1.139604225873156e-13,1.0,8.167605149791206e-19,1.0,train,0.16725671388931873
lemon_2,lemon,left,stable,0,0,60,90,fill a stable/contact-stable window; recommended about 30 frames,65,065.png,1.0666666666666667,local_stable_slip_windows_1based_frames_v2,unknown,-1.2834508419036865,1.4489128589630127,1.3098064661026,1.3098064661026,1.9356121864804563,2.337132327254029,1.477783748049605,4.584174166666344e-05,0.00022864341735839844,0.0003110170364379883,-0.0005375146865844727,1.239465752256308e-10,1.0,4.441665351490043e-12,1.0,1.3709625298004876e-16,1.0,train,0.2703543626892765
lemon_2,lemon,left,stable,0,0,60,90,fill a stable/contact-stable window; recommended about 30 frames,66,066.png,1.0833333333333333,local_stable_slip_windows_1based_frames_v2,unknown,-1.2803388833999634,1.4480664730072021,1.3062347173690796,1.3062347173690796,1.932915975047385,2.3328980482339263,1.4797604669243902,4.440298653207719e-05,0.0020661354064941406,-0.0011032819747924805,0.00012195110321044922,1.281665051866554e-10,1.0,4.312751544777171e-12,1.0,1.2933107843609497e-16,1.0,train,0.27156399874293646
lemon_2,lemon,left,stable,0,0,60,90,fill a stable/contact-stable window; recommended about 30 frames,67,067.png,1.1,local_stable_slip_windows_1based_frames_v2,unknown,-1.2813899517059326,1.4483325481414795,1.3079819679260254,1.3079819679260254,1.9338116191446681,2.3346186426820466,1.478468501933916,4.2906631279038265e-05,0.0010275840759277344,-0.0006513595581054688,-0.00010657310485839844,1.3102632867578734e-10,1.0,4.469241383225908e-12,1.0,1.3790560619604005e-16,1.0,train,0.27113748976071905
lemon_2,lemon,left,stable,0,0,60,90,fill a stable/contact-stable window; recommended about 30 frames,68,068.png,1.1166666666666667,local_stable_slip_windows_1based_frames_v2,unknown,-1.2815371751785278,1.448307752609253,1.3074204921722412,1.3074204921722412,1.9338906064285606,2.3343695553584767,1.4791638488483618,5.816455086460337e-05,0.002286672592163086,-0.001053452491760254,-0.0015764236450195312,1.3295191336748502e-10,1.0,4.563913483246473e-12,1.0,1.403056475823055e-16,1.0,train,0.26884984911041676
lemon_2,lemon,left,stable,0,0,60,90,fill a stable/contact-stable window; recommended about 30 frames,69,069.png,1.1333333333333333,local_stable_slip_windows_1based_frames_v2,unknown,-1.282687783241272,1.448702096939087,1.3092741966247559,1.3092741966247559,1.9349485044703685,2.336284365589839,1.4778776146211021,3.879202631651424e-05,0.0019491910934448242,-0.0010650157928466797,0.000786900520324707,1.375967811911849e-10,1.0,5.0770707082925526e-12,1.0,1.6618099534348709e-16,1.0,train,0.273003459709467
lemon_2,lemon,left,stable,0,0,60,90,fill a stable/contact-stable window; recommended about 30 frames,70,070.png,1.15,local_stable_slip_windows_1based_frames_v2,unknown,-1.284917950630188,1.4494400024414062,1.3100008964538574,1.3100008964538574,1.936979726411463,2.338373966934916,1.4786083376328074,4.175631329417229e-05,-0.0014671087265014648,0.0005271434783935547,0.00019443035125732422,1.2741359356471804e-10,1.0,4.3481273269418974e-12,1.0,1.3282857011953658e-16,1.0,train,0.27084522311753595
lemon_2,lemon,left,stable,0,0,60,90,fill a stable/contact-stable window; recommended about 30 frames,71,071.png,1.1666666666666667,local_stable_slip_windows_1based_frames_v2,unknown,-1.2815415859222412,1.448162317276001,1.3089115619659424,1.3089115619659424,1.9337846140732142,2.335117215617754,1.4773978570186044,4.800581154995598e-05,-0.001202702522277832,9.584426879882812e-05,0.002676844596862793,1.4618409260869214e-10,1.0,5.006382461369974e-12,1.0,1.6184666157793783e-16,1.0,train,0.27553350653411796
lemon_2,lemon,left,stable,0,0,60,90,fill a stable/contact-stable window; recommended about 30 frames,72,072.png,1.1833333333333333,local_stable_slip_windows_1based_frames_v2,unknown,-1.2835475206375122,1.4486547708511353,1.3103340864181519,1.3103340864181519,1.9354831135518749,2.337321180512801,1.4770901989983247,3.711606404976919e-05,-0.00215756893157959,0.0003222227096557617,0.002352118492126465,1.4680606730266277e-10,1.0,4.988767211833167e-12,1.0,1.6084341722636411e-16,1.0,train,0.27467924310541963
lemon_2,lemon,left,stable,0,0,60,90,fill a stable/contact-stable window; recommended about 30 frames,73,073.png,1.2,local_stable_slip_windows_1based_frames_v2,unknown,-1.2845977544784546,1.4491784572601318,1.3099364042282104,1.3099364042282104,1.9365716077124397,2.337999780778492,1.4783695781657826,4.31841253885068e-05,-0.003060579299926758,0.0008707046508789062,0.0025159120559692383,1.479515676638954e-10,1.0,4.97928000914305e-12,1.0,1.5985616062166982e-16,1.0,train,0.2744241238356897
lemon_2,lemon,left,stable,0,0,60,90,fill a stable/contact-stable window; recommended about 30 frames,74,074.png,1.2166666666666666,local_stable_slip_windows_1based_frames_v2,unknown,-1.2832732200622559,1.448797583580017,1.3103315830230713,1.3103315830230713,1.935408121176577,2.337257677917434,1.4770357894263704,3.525605279719457e-05,-0.0005854368209838867,9.548664093017578e-05,0.0010573863983154297,1.303386149009711e-10,1.0,4.9130539046815525e-12,1.0,1.6080477134814564e-16,1.0,train,0.27295039174677677
lemon_2,lemon,left,stable,0,0,60,90,fill a stable/contact-stable window; recommended about 30 frames,75,075.png,1.2333333333333334,local_stable_slip_windows_1based_frames_v2,unknown,-1.2822957038879395,1.4489988088607788,1.3069143295288086,1.3069143295288086,1.9349108042205516,2.33493145188829,1.4805173376596314,3.821059726760723e-05,0.002622246742248535,-0.0004411935806274414,-0.003086566925048828,1.1438699293320198e-10,1.0,3.93059673350904e-12,1.0,1.1466406767967631e-16,1.0,train,0.266126074256454
lemon_2,lemon,left,stable,0,0,60,90,fill a stable/contact-stable window; recommended about 30 frames,76,076.png,1.25,local_stable_slip_windows_1based_frames_v2,unknown,-1.2834481000900269,1.4491865634918213,1.3092353343963623,1.3092353343963623,1.935815260150083,2.3369805053234587,1.478583514138883,4.5066939492244273e-05,-0.0019065141677856445,0.0010242462158203125,0.0003237724304199219,1.2777329194690878e-10,1.0,4.4451994168914766e-12,1.0,1.388690135293132e-16,1.0,train,0.27103968508549525
lemon_2,lemon,left,stable,0,0,60,90,fill a stable/contact-stable window; recommended about 30 frames,77,077.png,1.2666666666666666,local_stable_slip_windows_1based_frames_v2,unknown,-1.282418966293335,1.4482922554016113,1.3092470169067383,1.3092470169067383,1.9344634558877436,2.3358674220606668,1.4775378162940853,5.99937338847667e-05,0.001128554344177246,-0.0003625154495239258,-0.0010870695114135742,1.2648355973698955e-10,1.0,4.420342564204205e-12,1.0,1.3528623621599493e-16,1.0,train,0.26973080894357604
lemon_2,lemon,left,stable,0,0,60,90,fill a stable/contact-stable window; recommended about 30 frames,78,078.png,1.2833333333333334,local_stable_slip_windows_1based_frames_v2,unknown,-1.2828638553619385,1.4483691453933716,1.308800458908081,1.308800458908081,1.9348159738646005,2.3359091364947453,1.4783112906053733,3.8779671740485355e-05,0.0017338991165161133,-0.0008093118667602539,-0.0011359453201293945,1.2482080646858407e-10,1.0,4.572888075149439e-12,1.0,1.4267887508183445e-16,1.0,train,0.2695817927406755
lemon_2,lemon,left,stable,0,0,60,90,fill a stable/contact-stable window; recommended about 30 frames,79,079.png,1.3,local_stable_slip_windows_1based_frames_v2,unknown,-1.2805733680725098,1.4476927518844604,1.3080333471298218,1.3080333471298218,1.932791363514276,2.3338024106764093,1.4776304366588988,5.340345887816511e-05,0.0026998519897460938,-0.0011048316955566406,-0.0022982358932495117,1.2224929402115947e-10,1.0,4.537163613566042e-12,1.0,1.426467540042878e-16,1.0,train,0.2681136889537268
lemon_2,lemon,left,stable,0,0,60,90,fill a stable/contact-stable window; recommended about 30 frames,80,080.png,1.3166666666666667,local_stable_slip_windows_1based_frames_v2,unknown,-1.283136248588562,1.4490604400634766,1.30995512008667,1.30995512008667,1.9355140896926801,2.3371344009363617,1.4775411634128797,4.3102536437800154e-05,-0.0008405447006225586,6.16312026977539e-05,0.003040790557861328,1.4767131961690438e-10,1.0,5.590351966067164e-12,1.0,1.9151189944293116e-16,1.0,train,0.27618044702184313
lemon_2,lemon,left,stable,0,0,60,90,fill a stable/contact-stable window; recommended about 30 frames,81,081.png,1.3333333333333333,local_stable_slip_windows_1based_frames_v2,unknown,-1.2835865020751953,1.4491643905639648,1.3090665340423584,1.3090665340423584,1.9358904254084897,2.336948208612663,1.4788315920039072,3.134171856800094e-05,-0.00013840198516845703,-2.2172927856445312e-05,-0.00016880035400390625,1.3328350922936494e-10,1.0,4.556824535761894e-12,1.0,1.4155449178391357e-16,1.0,train,0.2705654398726478
lemon_2,lemon,left,stable,0,0,60,90,fill a stable/contact-stable window; recommended about 30 frames,82,082.png,1.35,local_stable_slip_windows_1based_frames_v2,unknown,-1.2823758125305176,1.44874107837677,1.3085230588912964,1.3085230588912964,1.9347709003237545,2.335716385263807,1.47859023850358,3.58289253199473e-05,4.315376281738281e-05,0.0004488229751586914,-0.0007239580154418945,1.2880023436689925e-10,1.0,4.701625807429499e-12,1.0,1.496385874673984e-16,1.0,train,0.26983678795325006
lemon_2,lemon,left,stable,0,0,60,90,fill a stable/contact-stable window; recommended about 30 frames,83,083.png,1.3666666666666667,local_stable_slip_windows_1based_frames_v2,unknown,-1.2828007936477661,1.4487537145614624,1.3082952499389648,1.3082952499389648,1.9350620666115528,2.3358299729757372,1.4790702539289768,5.060604598838836e-05,6.306171417236328e-05,0.0003845691680908203,-0.0005052089691162109,1.2736330046170252e-10,1.0,4.123671456385258e-12,1.0,1.222638325708991e-16,1.0,train,0.27011106685266306
lemon_2,lemon,left,stable,0,0,60,90,fill a stable/contact-stable window; recommended about 30 frames,84,084.png,1.3833333333333333,local_stable_slip_windows_1based_frames_v2,unknown,-1.2813925743103027,1.448233962059021,1.3083603382110596,1.3083603382110596,1.9337395218484714,2.3347709337240157,1.4779858326389406,3.421500150579959e-05,-0.0008192062377929688,0.0005412101745605469,0.00032699108123779297,1.3450217328792036e-10,1.0,4.856324110208421e-12,1.0,1.570216178032425e-16,1.0,train,0.2715300093832396
lemon_2,lemon,left,stable,0,0,60,90,fill a stable/contact-stable window; recommended about 30 frames,85,085.png,1.4,local_stable_slip_windows_1based_frames_v2,unknown,-1.2813128232955933,1.4484453201293945,1.3083313703536987,1.3083313703536987,1.9338449773822277,2.334842044164456,1.4780991598177962,5.429315206129104e-05,0.00182342529296875,-0.0006151199340820312,-0.0016237497329711914,1.2586098829814318e-10,1.0,4.80348313208756e-12,1.0,1.5524849991195344e-16,1.0,train,0.2689032649289389
lemon_2,lemon,left,stable,0,0,60,90,fill a stable/contact-stable window; recommended about 30 frames,86,086.png,1.4166666666666667,local_stable_slip_windows_1based_frames_v2,unknown,-1.2833423614501953,1.4488179683685303,1.3097286224365234,1.3097286224365234,1.9354692253198136,2.3369703007504294,1.4777624268123453,3.868983549182303e-05,0.000244140625,-0.0003464221954345703,0.0006620883941650391,1.3759703099136544e-10,1.0,4.924161772779101e-12,1.0,1.5683185595327795e-16,1.0,train,0.27232851520032636
lemon_2,lemon,left,stable,0,0,60,90,fill a stable/contact-stable window; recommended about 30 frames,87,087.png,1.4333333333333333,local_stable_slip_windows_1based_frames_v2,unknown,-1.2818902730941772,1.4486069679260254,1.3081378936767578,1.3081378936767578,1.9343486810234853,2.335150866357538,1.47870282763832,4.3672607716871426e-05,0.00048553943634033203,-0.0001341104507446289,-0.0003851652145385742,1.2624110090619922e-10,1.0,4.411868440024058e-12,1.0,1.3793873312521157e-16,1.0,train,0.27048259957335313
lemon_2,lemon,left,stable,0,0,60,90,fill a stable/contact-stable window; recommended about 30 frames,88,088.png,1.45,local_stable_slip_windows_1based_frames_v2,unknown,-1.284754991531372,1.4493378400802612,1.310687780380249,1.310687780380249,1.9367951783689707,2.338605999434577,1.4776926508877872,4.915013414574787e-05,-0.001954197883605957,0.0005841255187988281,0.0023925304412841797,1.4354596677979004e-10,1.0,4.957881327705138e-12,1.0,1.610662927706104e-16,1.0,train,0.2746869880750028
lemon_2,lemon,left,stable,0,0,60,90,fill a stable/contact-stable window; recommended about 30 frames,89,089.png,1.4666666666666666,local_stable_slip_windows_1based_frames_v2,unknown,-1.2815312147140503,1.448460340499878,1.308396577835083,1.308396577835083,1.9340009338900257,2.3350077552714996,1.4781446913789662,4.869145777774975e-05,-0.0001386404037475586,0.0002263784408569336,3.62396240234375e-05,1.3964555900525255e-10,1.0,5.377542595247364e-12,1.0,1.8112556820880913e-16,1.0,train,0.2711863780744333
lemon_2,lemon,left,stable,0,0,60,90,fill a stable/contact-stable window; recommended about 30 frames,90,090.png,1.4833333333333334,local_stable_slip_windows_1based_frames_v2,unknown,-1.2812427282333374,1.4485780000686646,1.3073261976242065,1.3073261976242065,1.933897916368322,2.3343228007129397,1.479276129099721,3.912252213922329e-05,7.009506225585938e-05,0.00013267993927001953,-0.0010051727294921875,1.2948253580447044e-10,1.0,4.430910499619856e-12,1.0,1.3599615570491244e-16,1.0,train,0.26920961188563886
lemon_2,lemon,left,slip,0,1,28,40,fill only if visible slip/instability occurs; recommended about 30 frames; delete or keep empty [] if no slip,28,028.png,0.45,local_stable_slip_windows_1based_frames_v2,unknown,-1.2556219100952148,1.4500306844711304,1.2463340759277344,1.2463340759277344,1.9181176624542537,2.2874710918037,1.5390064032551316,0.002215311164036393,0.0,0.0,0.0,9.961628744115103e-11,1.0,2.099178686779113e-12,1.0,4.0542586819449294e-17,1.0,train,0.26156431308854194
lemon_2,lemon,left,slip,0,1,28,40,fill only if visible slip/instability occurs; recommended about 30 frames; delete or keep empty [] if no slip,29,029.png,0.4666666666666667,local_stable_slip_windows_1based_frames_v2,unknown,-1.253436803817749,1.4487775564193726,1.2471811771392822,1.2471811771392822,1.915740125682328,2.2859398762346896,1.5360547647309613,0.0008526121964678168,0.0021851062774658203,-0.0012531280517578125,0.0008471012115478516,1.1362136925763267e-10,1.0,2.3434294869201233e-12,1.0,4.7137085729681295e-17,1.0,train,0.26267402745657537
lemon_2,lemon,left,slip,0,1,28,40,fill only if visible slip/instability occurs; recommended about 30 frames; delete or keep empty [] if no slip,30,030.png,0.48333333333333334,local_stable_slip_windows_1based_frames_v2,unknown,-1.2522826194763184,1.4475042819976807,1.2482995986938477,1.2482995986938477,1.914022049362047,2.285111002455529,1.5333021960934516,0.0008910804172046483,0.0033392906188964844,-0.002526402473449707,0.0019655227661132812,1.3068489346235168e-10,1.0,2.943358664436735e-12,1.0,6.51695833786679e-17,1.0,train,0.265427452980063
lemon_2,lemon,left,slip,0,1,28,40,fill only if visible slip/instability occurs; recommended about 30 frames; delete or keep empty [] if no slip,31,031.png,0.5,local_stable_slip_windows_1based_frames_v2,unknown,-1.2482293844223022,1.4439294338226318,1.248119831085205,1.248119831085205,1.9086667613794257,2.28052886821079,1.5292323578318094,0.000791817088611424,0.007392525672912598,-0.006101250648498535,0.0017857551574707031,1.1160516261154996e-10,1.0,1.6670420469391822e-12,1.0,2.889908663803447e-17,1.0,train,0.2668896753444442
lemon_2,lemon,left,slip,0,1,28,40,fill only if visible slip/instability occurs; recommended about 30 frames; delete or keep empty [] if no slip,32,032.png,0.5166666666666667,local_stable_slip_windows_1based_frames_v2,unknown,-1.245800495147705,1.4374535083770752,1.259119987487793,1.259119987487793,1.9021807123551193,2.2811564184305926,1.5107211548831092,0.010912291705608368,0.009821414947509766,-0.012577176094055176,0.012785911560058594,1.0120526638957017e-10,1.0,4.554076300095078e-13,1.0,4.434067345595084e-18,1.0,train,0.30237602797038743
lemon_2,lemon,left,slip,0,1,28,40,fill only if visible slip/instability occurs; recommended about 30 frames; delete or keep empty [] if no slip,33,033.png,0.5333333333333333,local_stable_slip_windows_1based_frames_v2,unknown,-1.2365392446517944,1.4241937398910522,1.278659701347351,1.278659701347351,1.8860957325408731,2.278667975848739,1.4750556817406333,0.7071250677108765,0.01908266544342041,-0.025836944580078125,0.0323256254196167,2.6830489219253906e-11,1.0,1.619644002248677e-11,1.0,1.812486818007146e-15,1.0,train,0.9686627703477148
lemon_2,lemon,left,slip,0,1,28,40,fill only if visible slip/instability occurs; recommended about 30 frames; delete or keep empty [] if no slip,34,034.png,0.55,local_stable_slip_windows_1based_frames_v2,unknown,-1.2112390995025635,1.3989641666412354,1.2998850345611572,1.2998850345611572,1.8504596444424253,2.2613938177119985,1.4235552927277524,0.8531529903411865,0.04219770431518555,-0.04981338977813721,0.052703857421875,1.5633348782184697e-11,1.0,7.353916954555562e-12,1.0,5.397888980549848e-16,1.0,train,0.9894609014628215
lemon_2,lemon,left,slip,0,1,28,40,fill only if visible slip/instability occurs; recommended about 30 frames; delete or keep empty [] if no slip,35,035.png,0.5666666666666667,local_stable_slip_windows_1based_frames_v2,unknown,-1.1813510656356812,1.3624210357666016,1.3189342021942139,1.3189342021942139,1.8032696467744083,2.2341371597768087,1.3672162542742383,0.8484973311424255,0.07093155384063721,-0.0850832462310791,0.07063460350036621,1.4621385699409295e-11,1.0,3.1732010682267164e-12,1.0,1.1900546887637923e-16,1.0,train,0.9915504215353946
lemon_2,lemon,left,slip,0,1,28,40,fill only if visible slip/instability occurs; recommended about 30 frames; delete or keep empty [] if no slip,36,036.png,0.5833333333333334,local_stable_slip_windows_1based_frames_v2,unknown,-1.1930021047592163,1.3634816408157349,1.3447239398956299,1.3447239398956299,1.8117218900265815,2.256239943208593,1.3472806492063703,0.8467062711715698,0.05522727966308594,-0.08044779300689697,0.0966041088104248,1.738509683435474e-11,1.0,4.443733141873407e-12,1.0,1.997861010835154e-16,1.0,train,0.9931686314558801
lemon_2,lemon,left,slip,0,1,28,40,fill only if visible slip/instability occurs; recommended about 30 frames; delete or keep empty [] if no slip,37,037.png,0.6,local_stable_slip_windows_1based_frames_v2,unknown,-1.1964924335479736,1.3718147277832031,1.3565261363983154,1.3565261363983154,1.820293874873081,2.2701614369097625,1.341877966191006,0.9462972283363342,0.049308061599731445,-0.06563878059387207,0.09740614891052246,1.2916328596956905e-11,1.0,9.374084841695662e-12,1.0,8.338977955829911e-16,1.0,train,0.9962096427200396
lemon_2,lemon,left,slip,0,1,28,40,fill only if visible slip/instability occurs; recommended about 30 frames; delete or keep empty [] if no slip,38,038.png,0.6166666666666667,local_stable_slip_windows_1based_frames_v2,unknown,-1.2069919109344482,1.3732507228851318,1.364642858505249,1.364642858505249,1.8282907375375854,2.2814243691683282,1.339756689001765,0.9963040351867676,0.02954733371734619,-0.05094301700592041,0.08598315715789795,8.487716605942719e-12,1.0,9.165759297380394e-12,1.0,9.617602777072247e-16,1.0,train,0.9968024299326317
lemon_2,lemon,left,slip,0,1,28,40,fill only if visible slip/instability occurs; recommended about 30 frames; delete or keep empty [] if no slip,39,039.png,0.6333333333333333,local_stable_slip_windows_1based_frames_v2,unknown,-1.218229055404663,1.3791210651397705,1.367645263671875,1.367645263671875,1.8401241653063505,2.2927081172684205,1.3454679138785204,0.964293360710144,-0.006989955902099609,-0.019843101501464844,0.06776022911071777,5.8054338246404935e-12,1.0,5.148394297688208e-12,1.0,4.162073733857336e-16,1.0,train,0.9952742929000201
lemon_2,lemon,left,slip,0,1,28,40,fill only if visible slip/instability occurs; recommended about 30 frames; delete or keep empty [] if no slip,40,040.png,0.65,local_stable_slip_windows_1based_frames_v2,unknown,-1.2607967853546143,1.4126410484313965,1.3775694370269775,1.3775694370269775,1.8934527365830616,2.341550943179479,1.374487057568862,0.8314589262008667,-0.0794457197189331,0.05022001266479492,0.05863523483276367,6.879831773720646e-12,1.0,6.0789619865664335e-12,1.0,5.560935940753604e-16,1.0,train,0.987673874434293
lemon_2,lemon,right,stable,0,0,60,90,fill a stable/contact-stable window; recommended about 30 frames,60,060.png,0.9833333333333333,local_stable_slip_windows_1based_frames_v2,unknown,-1.3268709182739258,1.4604061841964722,1.3596999645233154,1.3596999645233154,1.97316310947686,2.396279752058406,1.4511743103518446,2.9299941161298193e-05,0.0046645402908325195,0.0003427267074584961,-0.006357550621032715,9.665220013221898e-11,1.0,1.8607745552734478e-11,1.0,1.323774430188069e-15,1.0,train,0.2664819105265566
lemon_2,lemon,right,stable,0,0,60,90,fill a stable/contact-stable window; recommended about 30 frames,61,061.png,1.0,local_stable_slip_windows_1based_frames_v2,unknown,-1.3274099826812744,1.460731863975525,1.360436201095581,1.360436201095581,1.9737666631482336,2.397194505626669,1.4508326158375624,2.7850966944242828e-05,0.004125475883483887,0.0006684064865112305,-0.00562131404876709,1.2167099272542004e-10,1.0,3.1439656433818186e-11,1.0,2.9550260553941853e-15,1.0,train,0.2676543649604313
lemon_2,lemon,right,stable,0,0,60,90,fill a stable/contact-stable window; recommended about 30 frames,62,062.png,1.0166666666666666,local_stable_slip_windows_1based_frames_v2,unknown,-1.3262017965316772,1.4601562023162842,1.3596704006195068,1.3596704006195068,1.9725281595674526,2.3957401650862247,1.4507388760760211,3.122682755929418e-05,0.005333662033081055,9.274482727050781e-05,-0.006387114524841309,9.547079099503364e-11,1.0,2.3796489084793038e-11,1.0,1.98967848727622e-15,1.0,train,0.2667374733723569
lemon_2,lemon,right,stable,0,0,60,90,fill a stable/contact-stable window; recommended about 30 frames,63,063.png,1.0333333333333334,local_stable_slip_windows_1based_frames_v2,unknown,-1.327366590499878,1.4607514142990112,1.3595269918441772,1.3595269918441772,1.973751949955169,2.396666518626384,1.451792064448638,1.972927202587016e-05,0.004168868064880371,0.0006879568099975586,-0.0065305233001708984,1.0835500552364152e-10,1.0,2.6541080097586267e-11,1.0,2.2966322159328643e-15,1.0,train,0.26590470360597096
lemon_2,lemon,right,stable,0,0,60,90,fill a stable/contact-stable window; recommended about 30 frames,64,064.png,1.05,local_stable_slip_windows_1based_frames_v2,unknown,-1.3253637552261353,1.4597954750061035,1.3589575290679932,1.3589575290679932,1.971697723413865,2.394651849084957,1.4508888102465523,2.7951171432505362e-05,0.006171703338623047,-0.00026798248291015625,-0.0070999860763549805,9.825480012937149e-11,1.0,2.140472347977873e-11,1.0,1.665892096375265e-15,1.0,train,0.2657447645861805
lemon_2,lemon,right,stable,0,0,60,90,fill a stable/contact-stable window; recommended about 30 frames,65,065.png,1.0666666666666667,local_stable_slip_windows_1based_frames_v2,unknown,-1.3263945579528809,1.4602283239364624,1.3591580390930176,1.3591580390930176,1.9727111500149506,2.3956001036534635,1.4514203954611253,2.5383722459082492e-05,0.0004763603210449219,-0.00017786026000976562,-0.0005419254302978516,1.1782011477556864e-10,1.0,2.6260705415781516e-11,1.0,2.2447832116490605e-15,1.0,train,0.2749407272234246
lemon_2,lemon,right,stable,0,0,60,90,fill a stable/contact-stable window; recommended about 30 frames,66,066.png,1.0833333333333333,local_stable_slip_windows_1based_frames_v2,unknown,-1.3258230686187744,1.4598808288574219,1.3603756427764893,1.3603756427764893,1.9720696853172142,2.395763079523241,1.449649768531954,2.832112295436673e-05,0.0015869140625,-0.0008510351181030273,-6.0558319091796875e-05,1.3798653886176737e-10,1.0,3.3564252072126877e-11,1.0,3.2144610239516263e-15,1.0,train,0.27648367637789817
lemon_2,lemon,right,stable,0,0,60,90,fill a stable/contact-stable window; recommended about 30 frames,67,067.png,1.1,local_stable_slip_windows_1based_frames_v2,unknown,-1.3253427743911743,1.4602676630020142,1.3589293956756592,1.3589293956756592,1.9720332444561524,2.3949121528088817,1.4511657482469211,2.1925392502453178e-05,0.0008590221405029297,0.00011146068572998047,-0.0007410049438476562,1.176209407649509e-10,1.0,2.7723875278828913e-11,1.0,2.407979355530652e-15,1.0,train,0.2748401894319402
lemon_2,lemon,right,stable,0,0,60,90,fill a stable/contact-stable window; recommended about 30 frames,68,068.png,1.1166666666666667,local_stable_slip_windows_1based_frames_v2,unknown,-1.325465202331543,1.460012435913086,1.3601157665252686,1.3601157665252686,1.9719265492438254,2.395497696505526,1.4498215136936852,2.7530912120710127e-05,0.001901388168334961,-0.000738978385925293,0.0005887746810913086,1.5727089075490142e-10,1.0,4.511871778967169e-11,1.0,5.0172628672398665e-15,1.0,train,0.27769597991591727
lemon_2,lemon,right,stable,0,0,60,90,fill a stable/contact-stable window; recommended about 30 frames,69,069.png,1.1333333333333333,local_stable_slip_windows_1based_frames_v2,unknown,-1.323357105255127,1.459764838218689,1.356539249420166,1.356539249420166,1.9703267269488236,2.392150945518759,1.452464626678797,2.9476534109562635e-05,0.0020066499710083008,-3.063678741455078e-05,-0.0024182796478271484,1.259395088215598e-10,1.0,2.779259461460626e-11,1.0,2.381033543412598e-15,1.0,train,0.27208143436226606
lemon_2,lemon,right,stable,0,0,60,90,fill a stable/contact-stable window; recommended about 30 frames,70,070.png,1.15,local_stable_slip_windows_1based_frames_v2,unknown,-1.3247953653335571,1.4600121974945068,1.358202576637268,1.358202576637268,1.9714761923092077,2.3940410639807594,1.4515321754565846,3.191192081430927e-05,0.0015991926193237305,-0.0002161264419555664,-0.0009554624557495117,1.184923825725548e-10,1.0,2.703922155622429e-11,1.0,2.327829709929661e-15,1.0,train,0.27461743289786456
lemon_2,lemon,right,stable,0,0,60,90,fill a stable/contact-stable window; recommended about 30 frames,71,071.png,1.1666666666666667,local_stable_slip_windows_1based_frames_v2,unknown,-1.3260220289230347,1.4600087404251099,1.3619163036346436,1.3619163036346436,1.9722981375306516,2.396826226786733,1.4481776039316354,2.908488386310637e-05,-0.0001989603042602539,0.00012791156768798828,0.0015406608581542969,1.390539211554298e-10,1.0,2.8617618691439972e-11,1.0,2.421668043232992e-15,1.0,train,0.27913874073715045
lemon_2,lemon,right,stable,0,0,60,90,fill a stable/contact-stable window; recommended about 30 frames,72,072.png,1.1833333333333333,local_stable_slip_windows_1based_frames_v2,unknown,-1.324358344078064,1.4597805738449097,1.357818365097046,1.357818365097046,1.971010996241311,2.393440005493971,1.4516002989104808,3.957196167903021e-05,0.0009844303131103516,-0.0004870891571044922,-0.0011110305786132812,1.35990094185523e-10,1.0,3.147674135228762e-11,1.0,2.8342103579955154e-15,1.0,train,0.2741167275892131
lemon_2,lemon,right,stable,0,0,60,90,fill a stable/contact-stable window; recommended about 30 frames,73,073.png,1.2,local_stable_slip_windows_1based_frames_v2,unknown,-1.324578046798706,1.4599223136901855,1.359071969985962,1.359071969985962,1.9712635957861089,2.394359368113547,1.4504472087370486,3.495495184324682e-05,0.0008871555328369141,-9.012222290039062e-05,-0.0010437965393066406,1.4705381357060787e-10,1.0,3.574484805368705e-11,1.0,3.437174361388515e-15,1.0,train,0.274504352246379
lemon_2,lemon,right,stable,0,0,60,90,fill a stable/contact-stable window; recommended about 30 frames,74,074.png,1.2166666666666666,local_stable_slip_windows_1based_frames_v2,unknown,-1.3240196704864502,1.459669589996338,1.3589880466461182,1.3589880466461182,1.9707012456978672,2.393848765215162,1.4501229796968624,2.0654324544011615e-05,-0.0006625652313232422,-9.524822235107422e-05,0.0024487972259521484,1.564164908707255e-10,1.0,3.754912353270967e-11,1.0,3.655030176631137e-15,1.0,train,0.2801306563691406
lemon_2,lemon,right,stable,0,0,60,90,fill a stable/contact-stable window; recommended about 30 frames,75,075.png,1.2333333333333334,local_stable_slip_windows_1based_frames_v2,unknown,-1.3255977630615234,1.460174322128296,1.3597805500030518,1.3597805500030518,1.9721355126959565,2.3954794143559544,1.4503326013590423,3.040975207113661e-05,-0.0008023977279663086,0.0001621246337890625,0.0015779733657836914,1.659765519468337e-10,1.0,3.4870363541106286e-11,1.0,3.241687627491695e-15,1.0,train,0.27851410087099526
lemon_2,lemon,right,stable,0,0,60,90,fill a stable/contact-stable window; recommended about 30 frames,76,076.png,1.25,local_stable_slip_windows_1based_frames_v2,unknown,-1.3268239498138428,1.4606508016586304,1.3605985641479492,1.3605985641479492,1.9733125850167799,2.396912808373944,1.4503257512452101,2.9278207875904627e-05,-0.0008019208908081055,0.0006420612335205078,-0.001317739486694336,1.256791476444974e-10,1.0,2.8502134680197244e-11,1.0,2.493579022872514e-15,1.0,train,0.27352412267394444
lemon_2,lemon,right,stable,0,0,60,90,fill a stable/contact-stable window; recommended about 30 frames,77,077.png,1.2666666666666666,local_stable_slip_windows_1based_frames_v2,unknown,-1.3251583576202393,1.4602817296981812,1.3590331077575684,1.3590331077575684,1.9719197252578722,2.394877531491386,1.4509714759930321,2.8347336410661228e-05,-0.000800013542175293,0.0005011558532714844,0.001214742660522461,1.4005581416842716e-10,1.0,2.9275987883936594e-11,1.0,2.518962694477594e-15,1.0,train,0.27778642159494854
lemon_2,lemon,right,stable,0,0,60,90,fill a stable/contact-stable window; recommended about 30 frames,78,078.png,1.2833333333333334,local_stable_slip_windows_1based_frames_v2,unknown,-1.3254473209381104,1.4599149227142334,1.3598501682281494,1.3598501682281494,1.971842331969197,2.39527757518327,1.4500427532363385,3.66982894774992e-05,-0.0008692741394042969,-7.3909759521484375e-06,0.0007781982421875,1.560282458790141e-10,1.0,3.847860224892585e-11,1.0,3.824861553105045e-15,1.0,train,0.2771613157780951
lemon_2,lemon,right,stable,0,0,60,90,fill a stable/contact-stable window; recommended about 30 frames,79,079.png,1.3,local_stable_slip_windows_1based_frames_v2,unknown,-1.3267621994018555,1.4605354070663452,1.3609404563903809,1.3609404563903809,1.9731856499214928,2.3970024061097983,1.4498681340452106,2.5701843696879223e-05,-0.0027425289154052734,0.0008658170700073242,0.0019524097442626953,1.31215399656881e-10,1.0,2.9705387455392085e-11,1.0,2.630862523073465e-15,1.0,train,0.27867941272145663
lemon_2,lemon,right,stable,0,0,60,90,fill a stable/contact-stable window; recommended about 30 frames,80,080.png,1.3166666666666667,local_stable_slip_windows_1based_frames_v2,unknown,-1.3256036043167114,1.4603489637374878,1.358886957168579,1.358886957168579,1.9722687473228924,2.39508199734988,1.4513843741998955,2.897202102758456e-05,-5.841255187988281e-06,0.00017464160919189453,-0.0008935928344726562,1.4510430357272952e-10,1.0,3.173529494748806e-11,1.0,2.899496269438088e-15,1.0,train,0.27424826715427647
lemon_2,lemon,right,stable,0,0,60,90,fill a stable/contact-stable window; recommended about 30 frames,81,081.png,1.3333333333333333,local_stable_slip_windows_1based_frames_v2,unknown,-1.326318621635437,1.460593819618225,1.3593602180480957,1.3593602180480957,1.9729306607186887,2.3958955725188957,1.4513660052415034,4.022041684947908e-05,0.0005053281784057617,-5.698204040527344e-05,-0.0012383460998535156,1.4412648852157872e-10,1.0,3.0962149510926906e-11,1.0,2.7449051332676527e-15,1.0,train,0.27378705543649623
lemon_2,lemon,right,stable,0,0,60,90,fill a stable/contact-stable window; recommended about 30 frames,82,082.png,1.35,local_stable_slip_windows_1based_frames_v2,unknown,-1.3266167640686035,1.4605891704559326,1.3600802421569824,1.3600802421569824,1.9731276602290593,2.3964663629324736,1.4507424991023576,3.309814928798005e-05,-0.0014584064483642578,0.00030744075775146484,0.0010471343994140625,1.4540824100350846e-10,1.0,3.281501806395859e-11,1.0,3.0237528264267415e-15,1.0,train,0.2772662565712663
lemon_2,lemon,right,stable,0,0,60,90,fill a stable/contact-stable window; recommended about 30 frames,83,083.png,1.3666666666666667,local_stable_slip_windows_1based_frames_v2,unknown,-1.3279167413711548,1.4607456922531128,1.3608646392822266,1.3608646392822266,1.9741177395104408,2.397726718351897,1.4506338337351712,3.1688054150436074e-05,-0.0024694204330444336,0.0008307695388793945,0.0010144710540771484,1.4102458090192727e-10,1.0,3.774716650362109e-11,1.0,3.8601281933804514e-15,1.0,train,0.27693358552808617
lemon_2,lemon,right,stable,0,0,60,90,fill a stable/contact-stable window; recommended about 30 frames,84,084.png,1.3833333333333333,local_stable_slip_windows_1based_frames_v2,unknown,-1.3264739513397217,1.4604010581970215,1.3605440855026245,1.3605440855026245,1.9728923930021613,2.3965359590379545,1.4500749839343385,2.754877095867414e-05,0.00028824806213378906,-0.00013434886932373047,-0.00039637088775634766,1.4344880838734753e-10,1.0,3.261664549558674e-11,1.0,2.9828529935356203e-15,1.0,train,0.27544084783830375
lemon_2,lemon,right,stable,0,0,60,90,fill a stable/contact-stable window; recommended about 30 frames,85,085.png,1.4,local_stable_slip_windows_1based_frames_v2,unknown,-1.3254594802856445,1.4605141878128052,1.3581230640411377,1.3581230640411377,1.9722942292370043,2.3946696606759934,1.4522194852864807,2.7645886802929454e-05,0.00014412403106689453,0.0001652240753173828,-0.0007638931274414062,1.4377148083166702e-10,1.0,3.823074842812524e-11,1.0,3.914445451672554e-15,1.0,train,0.274327313504598
lemon_2,lemon,right,stable,0,0,60,90,fill a stable/contact-stable window; recommended about 30 frames,86,086.png,1.4166666666666667,local_stable_slip_windows_1based_frames_v2,unknown,-1.3257242441177368,1.4602380990982056,1.3593659400939941,1.3593659400939941,1.9722677499516859,2.3953529670149063,1.4508722345530285,2.9249242288642563e-05,0.0005943775177001953,-0.00035572052001953125,5.7220458984375e-06,1.466493315671613e-10,1.0,3.0287227587022514e-11,1.0,2.6254889460560838e-15,1.0,train,0.276048481416968
lemon_2,lemon,right,stable,0,0,60,90,fill a stable/contact-stable window; recommended about 30 frames,87,087.png,1.4333333333333333,local_stable_slip_windows_1based_frames_v2,unknown,-1.3262197971343994,1.4606297016143799,1.3600502014160156,1.3600502014160156,1.9728907915922056,2.396254290746511,1.45060038146956,2.4630986445117742e-05,0.00039696693420410156,4.0531158447265625e-05,-3.0040740966796875e-05,1.4529151493025694e-10,1.0,4.231233419194069e-11,1.0,4.619915476518138e-15,1.0,train,0.2760110935383322
lemon_2,lemon,right,stable,0,0,60,90,fill a stable/contact-stable window; recommended about 30 frames,88,088.png,1.45,local_stable_slip_windows_1based_frames_v2,unknown,-1.3277376890182495,1.4610252380371094,1.3591198921203613,1.3591198921203613,1.974204173083654,2.3968080853873506,1.4525596542068475,2.1968970031593926e-05,0.00017905235290527344,0.00027954578399658203,-0.0017447471618652344,1.1785517006757118e-10,1.0,3.2249133918860196e-11,1.0,3.110420814073328e-15,1.0,train,0.2725172592709879
lemon_2,lemon,right,stable,0,0,60,90,fill a stable/contact-stable window; recommended about 30 frames,89,089.png,1.4666666666666666,local_stable_slip_windows_1based_frames_v2,unknown,-1.3250975608825684,1.4601551294326782,1.3589868545532227,1.3589868545532227,1.971785117061566,2.3947404491330486,1.4509218095328784,3.719848609762266e-05,0.0013763904571533203,-0.0002459287643432617,-0.0015572309494018555,1.4521062130512519e-10,1.0,3.94442464801692e-11,1.0,4.064297014986628e-15,1.0,train,0.2736366978077644
lemon_2,lemon,right,stable,0,0,60,90,fill a stable/contact-stable window; recommended about 30 frames,90,090.png,1.4833333333333334,local_stable_slip_windows_1based_frames_v2,unknown,-1.3256151676177979,1.4604427814483643,1.3588359355926514,1.3588359355926514,1.9723459865102262,2.3951166548544047,1.4514957128759496,2.4061249860096723e-05,-0.0001556873321533203,-7.140636444091797e-05,0.0007128715515136719,1.4694528926995076e-10,1.0,3.352625121966213e-11,1.0,3.0989325062097178e-15,1.0,train,0.27691143239097943
lemon_2,lemon,right,slip,0,1,28,40,fill only if visible slip/instability occurs; recommended about 30 frames; delete or keep empty [] if no slip,28,028.png,0.45,local_stable_slip_windows_1based_frames_v2,unknown,-1.3003413677215576,1.4511384963989258,1.3204965591430664,1.3204965591430664,1.9485098430182246,2.3538058057213607,1.4755876143252438,1.8810456822393462e-05,0.0,0.0,0.0,1.3548730193324587e-10,1.0,1.3240322033203356e-11,1.0,7.985722335781913e-16,1.0,train,0.27114800859014204
lemon_2,lemon,right,slip,0,1,28,40,fill only if visible slip/instability occurs; recommended about 30 frames; delete or keep empty [] if no slip,29,029.png,0.4666666666666667,local_stable_slip_windows_1based_frames_v2,unknown,-1.297968864440918,1.441959261894226,1.3348910808563232,1.3348910808563232,1.9400952775625704,2.354974285161167,1.4533723777266054,1.5857513062655926e-05,0.0023725032806396484,-0.009179234504699707,0.014394521713256836,1.8724354011734334e-10,1.0,7.7264149939138e-12,1.0,3.46432875536983e-16,1.0,train,0.3015354329989225
lemon_2,lemon,right,slip,0,1,28,40,fill only if visible slip/instability occurs; recommended about 30 frames; delete or keep empty [] if no slip,30,030.png,0.48333333333333334,local_stable_slip_windows_1based_frames_v2,unknown,-1.2885773181915283,1.4273992776870728,1.3463860750198364,1.3463860750198364,1.9229925124397256,2.3474785762401686,1.428261269079246,0.00015269378491211683,0.011764049530029297,-0.023739218711853027,0.02588951587677002,1.7871469581987043e-10,1.0,2.819984480303961e-12,1.0,7.9143291050314e-17,1.0,train,0.33128217134249904
lemon_2,lemon,right,slip,0,1,28,40,fill only if visible slip/instability occurs; recommended about 30 frames; delete or keep empty [] if no slip,31,031.png,0.5,local_stable_slip_windows_1based_frames_v2,unknown,-1.2605770826339722,1.3918530941009521,1.3528804779052734,1.3528804779052734,1.8778470696040108,2.3144319398758677,1.388035168100287,0.6178537011146545,0.03976428508758545,-0.05928540229797363,0.03238391876220703,4.1899862052163783e-11,1.0,5.73436645390224e-11,1.0,1.4069274852134342e-14,1.0,train,0.9536181131279342
lemon_2,lemon,right,slip,0,1,28,40,fill only if visible slip/instability occurs; recommended about 30 frames; delete or keep empty [] if no slip,32,032.png,0.5166666666666667,local_stable_slip_windows_1based_frames_v2,unknown,-1.2426940202713013,1.3725602626800537,1.3666448593139648,1.3666448593139648,1.8515426278393883,2.301288394399032,1.3548079154674602,0.9999964237213135,0.05764734745025635,-0.07857823371887207,0.04614830017089844,8.671397801196523e-12,1.0,5.5037582130657015e-11,1.0,2.5114896192455008e-14,1.0,train,0.9956162825811148
lemon_2,lemon,right,slip,0,1,28,40,fill only if visible slip/instability occurs; recommended about 30 frames; delete or keep empty [] if no slip,33,033.png,0.5333333333333333,local_stable_slip_windows_1based_frames_v2,unknown,-1.2532693147659302,1.3947257995605469,1.398218035697937,1.398218035697937,1.8750850730816644,2.3390078466402517,1.341052456881832,0.9999995231628418,0.04707205295562744,-0.056412696838378906,0.0777214765548706,2.3193194326892597e-12,1.0,9.480676660400533e-12,1.0,1.574223437966326e-15,1.0,train,0.9967012025729479
lemon_2,lemon,right,slip,0,1,28,40,fill only if visible slip/instability occurs; recommended about 30 frames; delete or keep empty [] if no slip,34,034.png,0.55,local_stable_slip_windows_1based_frames_v2,unknown,-1.2524755001068115,1.411387324333191,1.3945765495300293,1.3945765495300293,1.8869841169591788,2.3463914443577596,1.353086544090065,0.9999926090240479,0.045493364334106445,-0.030571937561035156,0.059685468673706055,4.073349730432385e-13,1.0,1.1258062624502907e-12,1.0,6.777520230820993e-17,1.0,train,0.9961403080447087
lemon_2,lemon,right,slip,0,1,28,40,fill only if visible slip/instability occurs; recommended about 30 frames; delete or keep empty [] if no slip,35,035.png,0.5666666666666667,local_stable_slip_windows_1based_frames_v2,unknown,-1.252547025680542,1.4146852493286133,1.3997881412506104,1.3997881412506104,1.8894995120955,2.3515133949427063,1.3498458134968592,0.9999949932098389,0.03603029251098633,-0.012714028358459473,0.053402066230773926,2.0903318952072286e-13,1.0,5.230354994598119e-13,1.0,2.28346483730489e-17,1.0,train,0.9959256135764997
lemon_2,lemon,right,slip,0,1,28,40,fill only if visible slip/instability occurs; recommended about 30 frames; delete or keep empty [] if no slip,36,036.png,0.5833333333333334,local_stable_slip_windows_1based_frames_v2,unknown,-1.2512990236282349,1.4047856330871582,1.3961974382400513,1.3961974382400513,1.8812686999631556,2.342763156618514,1.3474221489135525,0.9999967813491821,0.009278059005737305,0.012932538986206055,0.04331696033477783,1.5515461636826655e-13,1.0,5.526304782711711e-13,1.0,2.895978184266116e-17,1.0,train,0.9954511910177611
lemon_2,lemon,right,slip,0,1,28,40,fill only if visible slip/instability occurs; recommended about 30 frames; delete or keep empty [] if no slip,37,037.png,0.6,local_stable_slip_windows_1based_frames_v2,unknown,-1.2298178672790527,1.3847355842590332,1.3520503044128418,1.3520503044128418,1.8520109678379348,2.293029579105961,1.369778618454284,0.999409556388855,0.012876152992248535,0.012175321578979492,-0.014594554901123047,5.891532243616424e-14,1.0,3.5544858072514285e-13,1.0,2.1449369001206345e-17,1.0,train,0.9923449712337469
lemon_2,lemon,right,slip,0,1,28,40,fill only if visible slip/instability occurs; recommended about 30 frames; delete or keep empty [] if no slip,38,038.png,0.6166666666666667,local_stable_slip_windows_1based_frames_v2,unknown,-1.2625718116760254,1.4058624505996704,1.3525800704956055,1.3525800704956055,1.8895864123254569,2.3237920855246257,1.3970226654385196,0.8127405643463135,-0.009302496910095215,0.011136651039123535,-0.04563796520233154,1.6730775022778116e-13,1.0,9.044243218930825e-13,1.0,7.504664928814308e-17,1.0,train,0.9687736921525183
lemon_2,lemon,right,slip,0,1,28,40,fill only if visible slip/instability occurs; recommended about 30 frames; delete or keep empty [] if no slip,39,039.png,0.6333333333333333,local_stable_slip_windows_1based_frames_v2,unknown,-1.3190010786056519,1.448390007019043,1.3673174381256104,1.3673174381256104,1.9589786772181816,2.3889651387991995,1.4327157614459214,0.2141869068145752,-0.06652557849884033,0.03700268268585205,-0.027259111404418945,3.404880327337323e-12,1.0,9.064535146791064e-13,1.0,2.5749993502432843e-17,1.0,train,0.49552127777833815
lemon_2,lemon,right,slip,0,1,28,40,fill only if visible slip/instability occurs; recommended about 30 frames; delete or keep empty [] if no slip,40,040.png,0.65,local_stable_slip_windows_1based_frames_v2,unknown,-1.3315354585647583,1.4600634574890137,1.3660575151443481,1.3660575151443481,1.9760495887780838,2.4022666612997785,1.4465336344463102,4.2152074456680566e-05,-0.07898843288421631,0.04537820816040039,-0.03373062610626221,1.4140778825666445e-11,1.0,2.695111061407074e-12,1.0,9.998239928280322e-17,1.0,train,0.2052643849515854
lemon_3,lemon,left,stable,0,0,70,100,fill a stable/contact-stable window; recommended about 30 frames,70,070.png,1.15,local_stable_slip_windows_1based_frames_v2,unknown,-1.3070549964904785,1.4515565633773804,1.3410453796386719,1.3410453796386719,1.9533072519536387,2.3693484190352643,1.456554584249303,0.00021276052575558424,-0.022270679473876953,0.06632721424102783,-0.06711363792419434,1.2722046506541407e-11,1.0,5.952396452491915e-16,1.0,1.8755083455740516e-22,1.0,val,0.17640427002764933
lemon_3,lemon,left,stable,0,0,70,100,fill a stable/contact-stable window; recommended about 30 frames,71,071.png,1.1666666666666667,local_stable_slip_windows_1based_frames_v2,unknown,-1.3129180669784546,1.4529893398284912,1.3484182357788086,1.3484182357788086,1.9582982082036628,2.377638242213165,1.452291806763351,0.0003152721328660846,-0.028133749961853027,0.06775999069213867,-0.05974078178405762,1.751794022342157e-11,1.0,9.146704339166875e-16,1.0,3.5675311786905512e-22,1.0,val,0.1852490843435735
lemon_3,lemon,left,stable,0,0,70,100,fill a stable/contact-stable window; recommended about 30 frames,72,072.png,1.1833333333333333,local_stable_slip_windows_1based_frames_v2,unknown,-1.3092176914215088,1.4521355628967285,1.3435766696929932,1.3435766696929932,1.9551850696444222,2.372329429886115,1.4552080715148987,0.00028859954909421504,-0.024433374404907227,0.06690621376037598,-0.06458234786987305,1.4042621232501773e-11,1.0,6.726602565732475e-16,1.0,2.281326163123604e-22,1.0,val,0.17938535779567202
lemon_3,lemon,left,stable,0,0,70,100,fill a stable/contact-stable window; recommended about 30 frames,73,073.png,1.2,local_stable_slip_windows_1based_frames_v2,unknown,-1.3102867603302002,1.4525879621505737,1.3456666469573975,1.3456666469573975,1.9562369953769323,2.374380320592077,1.4537296782010432,0.00044971759780310094,-0.025502443313598633,0.06735861301422119,-0.06249237060546875,1.6339792366371064e-11,1.0,7.802727749670318e-16,1.0,2.7809830874259026e-22,1.0,val,0.1822121249398517
lemon_3,lemon,left,stable,0,0,70,100,fill a stable/contact-stable window; recommended about 30 frames,74,074.png,1.2166666666666666,local_stable_slip_windows_1based_frames_v2,unknown,-1.3115557432174683,1.452925205230713,1.3453307151794434,1.3453307151794434,1.9573375078308377,2.3750968091357176,1.4549107002727306,0.00023588628391735256,-0.0267714262008667,0.06769585609436035,-0.06282830238342285,1.5413626971994e-11,1.0,7.870167454139521e-16,1.0,2.8487463654021324e-22,1.0,val,0.18108649278875769
lemon_3,lemon,left,stable,0,0,70,100,fill a stable/contact-stable window; recommended about 30 frames,75,075.png,1.2333333333333334,local_stable_slip_windows_1based_frames_v2,unknown,-1.3115925788879395,1.452641487121582,1.3459501266479492,1.3459501266479492,1.95715159941705,2.3752945346891927,1.4541030210296546,0.000226454678340815,-0.0045375823974609375,0.0010849237442016602,0.004904747009277344,3.802285986065357e-10,1.0,4.1831121899704726e-14,1.0,7.650714331420568e-20,1.0,val,0.2830738201284999
lemon_3,lemon,left,stable,0,0,70,100,fill a stable/contact-stable window; recommended about 30 frames,76,076.png,1.25,local_stable_slip_windows_1based_frames_v2,unknown,-1.3110848665237427,1.4520643949508667,1.3485491275787354,1.3485491275787354,1.9563830234163264,2.3761353673149546,1.4507306650357368,0.00021676796313840896,0.001833200454711914,-0.0009249448776245117,0.0001308917999267578,3.4303451745820723e-10,1.0,4.0922008213680264e-14,1.0,7.382725907529287e-20,1.0,val,0.27738281988153096
lemon_3,lemon,left,stable,0,0,70,100,fill a stable/contact-stable window; recommended about 30 frames,77,077.png,1.2666666666666666,local_stable_slip_windows_1based_frames_v2,unknown,-1.3091487884521484,1.452398657798767,1.3436698913574219,1.3436698913574219,1.955334347747563,2.3725052557205966,1.4552182088072312,0.0004231527855154127,6.890296936035156e-05,0.0002630949020385742,9.322166442871094e-05,3.3373784291690356e-10,1.0,4.277470982668244e-14,1.0,7.875707458034992e-20,1.0,val,0.2761432744688165
lemon_3,lemon,left,stable,0,0,70,100,fill a stable/contact-stable window; recommended about 30 frames,78,078.png,1.2833333333333334,local_stable_slip_windows_1based_frames_v2,unknown,-1.309725284576416,1.4525635242462158,1.3451594114303589,1.3451594114303589,1.9558428139882205,2.373768092124635,1.4539848165086129,0.0002115740644512698,0.0005614757537841797,-2.4437904357910156e-05,-0.0005072355270385742,3.329932996010143e-10,1.0,3.824804717194284e-14,1.0,6.648373700515462e-20,1.0,val,0.2752456968437217
lemon_3,lemon,left,stable,0,0,70,100,fill a stable/contact-stable window; recommended about 30 frames,79,079.png,1.3,local_stable_slip_windows_1based_frames_v2,unknown,-1.3084262609481812,1.4512741565704346,1.342885971069336,1.342885971069336,1.954015342280624,2.370974206768791,1.4550854869972034,0.0002124677994288504,0.0031294822692871094,-0.0016510486602783203,-0.002444744110107422,3.3551728062519715e-10,1.0,4.039752880087219e-14,1.0,7.07588842918157e-20,1.0,val,0.2723503652901602
lemon_3,lemon,left,stable,0,0,70,100,fill a stable/contact-stable window; recommended about 30 frames,80,080.png,1.3166666666666667,local_stable_slip_windows_1based_frames_v2,unknown,-1.3099784851074219,1.4519987106323242,1.346179723739624,1.346179723739624,1.955592975831696,2.3741406309926036,1.452697205765326,0.0003423930029384792,0.0016140937805175781,-0.0006427764892578125,0.0002295970916748047,3.349258648199793e-10,1.0,3.7099009709542705e-14,1.0,6.324688233300659e-20,1.0,val,0.2772431682436094
lemon_3,lemon,left,stable,0,0,70,100,fill a stable/contact-stable window; recommended about 30 frames,81,081.png,1.3333333333333333,local_stable_slip_windows_1based_frames_v2,unknown,-1.3063836097717285,1.451228141784668,1.3421382904052734,1.3421382904052734,1.9526139545204506,2.369395797658125,1.4548519430727922,0.00039930615457706153,0.00470125675201416,-0.0008362531661987305,-0.006410837173461914,2.507039020827051e-10,1.0,2.808875094323371e-14,1.0,4.24671359933942e-20,1.0,val,0.26652055407249897
lemon_3,lemon,left,stable,0,0,70,100,fill a stable/contact-stable window; recommended about 30 frames,82,082.png,1.35,local_stable_slip_windows_1based_frames_v2,unknown,-1.3088922500610352,1.4524704217910767,1.3444331884384155,1.3444331884384155,1.955215908396765,2.3728400381446852,1.454303918489148,0.0003173045115545392,0.00025653839111328125,7.176399230957031e-05,0.0007632970809936523,3.3943600707964094e-10,1.0,3.912020989267628e-14,1.0,6.83984468657132e-20,1.0,val,0.27743140834325625
lemon_3,lemon,left,stable,0,0,70,100,fill a stable/contact-stable window; recommended about 30 frames,83,083.png,1.3666666666666667,local_stable_slip_windows_1based_frames_v2,unknown,-1.3098680973052979,1.4525161981582642,1.3453102111816406,1.3453102111816406,1.955903304933641,2.3739033894747967,1.4538667995011303,0.0003215806500520557,-0.00014281272888183594,-4.7326087951660156e-05,0.00015079975128173828,3.32264937785709e-10,1.0,3.6076712092974333e-14,1.0,6.042131737105641e-20,1.0,val,0.2762999518009617
lemon_3,lemon,left,stable,0,0,70,100,fill a stable/contact-stable window; recommended about 30 frames,84,084.png,1.3833333333333333,local_stable_slip_windows_1based_frames_v2,unknown,-1.3088984489440918,1.4518437385559082,1.3441247940063477,1.3441247940063477,1.9547545602536,2.3722851541698886,1.4542943591813615,0.0003191253636032343,-0.00047218799591064453,0.0005695819854736328,0.0012388229370117188,3.853583563362406e-10,1.0,4.986745201886536e-14,1.0,9.563473855191118e-20,1.0,val,0.2781026875242916
lemon_3,lemon,left,stable,0,0,70,100,fill a stable/contact-stable window; recommended about 30 frames,85,085.png,1.4,local_stable_slip_windows_1based_frames_v2,unknown,-1.3097630739212036,1.452305793762207,1.344056487083435,1.344056487083435,1.9556767187863118,2.373006377756676,1.4550543690136888,0.00035112083423882723,0.00021541118621826172,0.0003070831298828125,-0.002123236656188965,3.095986522705374e-10,1.0,3.537899411366202e-14,1.0,5.906603363617656e-20,1.0,val,0.27231555897216014
lemon_3,lemon,left,stable,0,0,70,100,fill a stable/contact-stable window; recommended about 30 frames,86,086.png,1.4166666666666667,local_stable_slip_windows_1based_frames_v2,unknown,-1.309441089630127,1.4518401622772217,1.345613718032837,1.345613718032837,1.9551152968592118,2.3734262369349164,1.4529532641538048,0.00030001482809893787,-0.0030574798583984375,0.0006120204925537109,0.0034754276275634766,4.2493200624882377e-10,1.0,5.17040295126836e-14,1.0,1.003812172290141e-19,1.0,val,0.2814194733859641
lemon_3,lemon,left,stable,0,0,70,100,fill a stable/contact-stable window; recommended about 30 frames,87,087.png,1.4333333333333333,local_stable_slip_windows_1based_frames_v2,unknown,-1.3104116916656494,1.4522722959518433,1.3467962741851807,1.3467962741851807,1.9560863026061164,2.3748965929914405,1.4523984716182017,0.00044338408042676747,-0.0015194416046142578,-0.00019812583923339844,0.0023630857467651367,3.7825387266821053e-10,1.0,4.191019073126502e-14,1.0,7.529054804124771e-20,1.0,val,0.280141582713218
lemon_3,lemon,left,stable,0,0,70,100,fill a stable/contact-stable window; recommended about 30 frames,88,088.png,1.45,local_stable_slip_windows_1based_frames_v2,unknown,-1.3101820945739746,1.4528034925460815,1.344618797302246,1.344618797302246,1.956326943252671,2.3738607412725115,1.4549294508214983,0.0003545722283888608,-0.0003139972686767578,0.0002872943878173828,-0.0006914138793945312,3.272890014560659e-10,1.0,3.549761938385909e-14,1.0,5.901153018862756e-20,1.0,val,0.2746141065578764
lemon_3,lemon,left,stable,0,0,70,100,fill a stable/contact-stable window; recommended about 30 frames,89,089.png,1.4666666666666666,local_stable_slip_windows_1based_frames_v2,unknown,-1.3080297708511353,1.4511644840240479,1.344445824623108,1.344445824623108,1.9536684061338696,2.3715722245953557,1.4531392170765447,0.00031597359338775277,0.000868678092956543,-0.0006792545318603516,0.0003210306167602539,3.8449715633603887e-10,1.0,4.6660741134622874e-14,1.0,8.615918430231165e-20,1.0,val,0.2770810381626402
lemon_3,lemon,left,stable,0,0,70,100,fill a stable/contact-stable window; recommended about 30 frames,90,090.png,1.4833333333333334,local_stable_slip_windows_1based_frames_v2,unknown,-1.3086767196655273,1.452017068862915,1.344306468963623,1.344306468963623,1.954734847713054,2.372371852674285,1.45408315645232,0.0003786094021052122,0.0010863542556762695,-0.0002887248992919922,0.0002499818801879883,3.399037440399155e-10,1.0,3.760332296194255e-14,1.0,6.434981781992095e-20,1.0,val,0.27690581787075796
lemon_3,lemon,left,stable,0,0,70,100,fill a stable/contact-stable window; recommended about 30 frames,91,091.png,1.5,local_stable_slip_windows_1based_frames_v2,unknown,-1.3096598386764526,1.451688289642334,1.3466169834136963,1.3466169834136963,1.955149043762832,2.3740229744770627,1.451895836714211,0.000251629768172279,-0.0002187490463256836,-0.0001518726348876953,0.001003265380859375,3.889352451214023e-10,1.0,4.5728926965611996e-14,1.0,8.404780578877004e-20,1.0,val,0.27813468847363604
lemon_3,lemon,left,stable,0,0,70,100,fill a stable/contact-stable window; recommended about 30 frames,92,092.png,1.5166666666666666,local_stable_slip_windows_1based_frames_v2,unknown,-1.3094135522842407,1.4519221782684326,1.34505033493042,1.34505033493042,1.9551577590193034,2.373141855462884,1.4535934118235307,0.0001878139009932056,0.0009981393814086914,-0.00035011768341064453,-0.0017459392547607422,3.295302364314523e-10,1.0,3.523313165201304e-14,1.0,5.825198451584781e-20,1.0,val,0.273292937465626
lemon_3,lemon,left,stable,0,0,70,100,fill a stable/contact-stable window; recommended about 30 frames,93,093.png,1.5333333333333334,local_stable_slip_windows_1based_frames_v2,unknown,-1.3105522394180298,1.452078104019165,1.3457365036010742,1.3457365036010742,1.9560362962929665,2.374254562918633,1.4535050788573454,0.00028760824352502823,-0.0003701448440551758,-0.0007253885269165039,0.001117706298828125,3.6159245042632904e-10,1.0,4.023535248465909e-14,1.0,7.017074595159342e-20,1.0,val,0.27784877739655184
lemon_3,lemon,left,stable,0,0,70,100,fill a stable/contact-stable window; recommended about 30 frames,94,094.png,1.55,local_stable_slip_windows_1based_frames_v2,unknown,-1.3078581094741821,1.4518959522247314,1.3423545360565186,1.3423545360565186,1.9540968989801764,2.3707404731592727,1.455722307907181,0.0003859716234728694,0.000171661376953125,0.0007314682006835938,-0.0020912885665893555,3.3717562075707974e-10,1.0,4.121135466846233e-14,1.0,7.229333663984424e-20,1.0,val,0.27235621587339126
lemon_3,lemon,left,stable,0,0,70,100,fill a stable/contact-stable window; recommended about 30 frames,95,095.png,1.5666666666666667,local_stable_slip_windows_1based_frames_v2,unknown,-1.3080244064331055,1.451894998550415,1.3447165489196777,1.3447165489196777,1.9542074952881507,2.372169794002705,1.4532475588335458,0.0005588387721218169,0.000652313232421875,-0.0001220703125,0.0004100799560546875,3.408542059712971e-10,1.0,3.643714494082177e-14,1.0,6.125797178656258e-20,1.0,val,0.27747992489778267
lemon_3,lemon,left,stable,0,0,70,100,fill a stable/contact-stable window; recommended about 30 frames,96,096.png,1.5833333333333333,local_stable_slip_windows_1based_frames_v2,unknown,-1.3094466924667358,1.4519981145858765,1.3455612659454346,1.3455612659454346,1.9552363450930974,2.373496215624894,1.4530998635869792,0.00019736806279979646,0.00021314620971679688,0.00030982494354248047,-0.0010557174682617188,3.4885347388602383e-10,1.0,3.920761352843756e-14,1.0,6.773891249886995e-20,1.0,val,0.2744322430140932
lemon_3,lemon,left,stable,0,0,70,100,fill a stable/contact-stable window; recommended about 30 frames,97,097.png,1.6,local_stable_slip_windows_1based_frames_v2,unknown,-1.3090481758117676,1.4527260065078735,1.34440279006958,1.34440279006958,1.955510157626503,2.3730652832417616,1.4545556714960577,0.0002085197193082422,0.00036537647247314453,0.000803828239440918,-0.0006475448608398438,3.572884765823403e-10,1.0,3.887623729881273e-14,1.0,6.680074751256703e-20,1.0,val,0.27492880943808684
lemon_3,lemon,left,stable,0,0,70,100,fill a stable/contact-stable window; recommended about 30 frames,98,098.png,1.6166666666666667,local_stable_slip_windows_1based_frames_v2,unknown,-1.308300495147705,1.4519847631454468,1.342944622039795,1.342944622039795,1.9544589885720982,2.3713730613034882,1.4553522916314945,0.0003143019275739789,0.002251744270324707,-9.334087371826172e-05,-0.002791881561279297,3.108447665933767e-10,1.0,3.2920033750860264e-14,1.0,5.236654922109327e-20,1.0,val,0.2717174700492984
lemon_3,lemon,left,stable,0,0,70,100,fill a stable/contact-stable window; recommended about 30 frames,99,099.png,1.6333333333333333,local_stable_slip_windows_1based_frames_v2,unknown,-1.3094490766525269,1.4525701999664307,1.3448231220245361,1.3448231220245361,1.9556628211879141,2.3734292278701914,1.4542145617107196,0.0003608517290558666,-0.0015909671783447266,0.0006742477416992188,0.002468585968017578,3.7540834330052064e-10,1.0,4.365190731125436e-14,1.0,7.890864250290319e-20,1.0,val,0.27992267236949603
lemon_3,lemon,left,stable,0,0,70,100,fill a stable/contact-stable window; recommended about 30 frames,100,100.png,1.65,local_stable_slip_windows_1based_frames_v2,unknown,-1.3117481470108032,1.452338457107544,1.3480923175811768,1.3480923175811768,1.9570309642874324,2.376409706237791,1.4517028893807182,0.0003103186609223485,-0.003723740577697754,0.00044345855712890625,0.0033757686614990234,3.958188499186832e-10,1.0,4.702428428745263e-14,1.0,8.870549825934275e-20,1.0,val,0.2812321585726779
lemon_3,lemon,left,slip,0,1,27,37,fill only if visible slip/instability occurs; recommended about 30 frames; delete or keep empty [] if no slip,27,027.png,0.43333333333333335,local_stable_slip_windows_1based_frames_v2,unknown,-1.320641279220581,1.4519293308258057,1.344112515449524,1.344112515449524,1.9627002242048184,2.378829675340732,1.4602190973047504,0.00048641677130945027,0.0,0.0,0.0,2.3555987715973004e-10,1.0,1.5300977647988816e-14,1.0,1.627092699225362e-20,1.0,val,0.27461385670218047
lemon_3,lemon,left,slip,0,1,27,37,fill only if visible slip/instability occurs; recommended about 30 frames; delete or keep empty [] if no slip,28,028.png,0.45,local_stable_slip_windows_1based_frames_v2,unknown,-1.3196028470993042,1.4508551359176636,1.3429689407348633,1.3429689407348633,1.9612068477065983,2.3769513826054105,1.4603505173268736,0.00020927601144649088,0.0010384321212768555,-0.0010741949081420898,-0.0011435747146606445,2.3898388823440087e-10,1.0,1.48611930595767e-14,1.0,1.5423879504715114e-20,1.0,val,0.27254296157381
lemon_3,lemon,left,slip,0,1,27,37,fill only if visible slip/instability occurs; recommended about 30 frames; delete or keep empty [] if no slip,29,029.png,0.4666666666666667,local_stable_slip_windows_1based_frames_v2,unknown,-1.3176493644714355,1.4460400342941284,1.3457802534103394,1.3457802534103394,1.9563311653381545,2.374522292787023,1.4536769332910702,0.0014370757853612304,0.002991914749145508,-0.005889296531677246,0.0016677379608154297,2.5249674573402103e-10,1.0,1.3553872244389045e-14,1.0,1.369407359163054e-20,1.0,val,0.2805240461299582
lemon_3,lemon,left,slip,0,1,27,37,fill only if visible slip/instability occurs; recommended about 30 frames; delete or keep empty [] if no slip,30,030.png,0.48333333333333334,local_stable_slip_windows_1based_frames_v2,unknown,-1.313920259475708,1.435804009437561,1.3566560745239258,1.3566560745239258,1.9462578456560393,2.3724323607471627,1.4345982357693559,0.48881983757019043,0.006721019744873047,-0.01612532138824463,0.012543559074401855,8.819556196471012e-11,1.0,2.6834917209346554e-13,1.0,1.1299955115818995e-18,1.0,val,0.8819087162180621
lemon_3,lemon,left,slip,0,1,27,37,fill only if visible slip/instability occurs; recommended about 30 frames; delete or keep empty [] if no slip,31,031.png,0.5,local_stable_slip_windows_1based_frames_v2,unknown,-1.3025259971618652,1.4119638204574585,1.3690903186798096,1.3690903186798096,1.9209934418324632,2.3589455492372258,1.4031156400033586,0.8422688841819763,0.01811528205871582,-0.03996551036834717,0.024977803230285645,3.9217244035549825e-11,1.0,1.136130143956915e-12,1.0,1.1565329131986726e-17,1.0,val,0.9854860835578438
lemon_3,lemon,left,slip,0,1,27,37,fill only if visible slip/instability occurs; recommended about 30 frames; delete or keep empty [] if no slip,32,032.png,0.5166666666666667,local_stable_slip_windows_1based_frames_v2,unknown,-1.2848601341247559,1.3776860237121582,1.3803335428237915,1.3803335428237915,1.88384828056691,2.335423951585532,1.3647765973552075,0.9593963027000427,0.035781145095825195,-0.07424330711364746,0.03622102737426758,2.5579770940309388e-11,1.0,6.722649780604995e-13,1.0,5.287706570811539e-18,1.0,val,0.9936553802292393
lemon_3,lemon,left,slip,0,1,27,37,fill only if visible slip/instability occurs; recommended about 30 frames; delete or keep empty [] if no slip,33,033.png,0.5333333333333333,local_stable_slip_windows_1based_frames_v2,unknown,-1.2614853382110596,1.3343647718429565,1.39103102684021,1.39103102684021,1.836266484706666,2.3036583775571207,1.320074915081449,0.9991014003753662,0.05811750888824463,-0.11649036407470703,0.04806208610534668,2.4348125945983234e-11,1.0,3.868851853466859e-13,1.0,1.967658156857199e-18,1.0,val,0.9957475774905119
lemon_3,lemon,left,slip,0,1,27,37,fill only if visible slip/instability occurs; recommended about 30 frames; delete or keep empty [] if no slip,34,034.png,0.55,local_stable_slip_windows_1based_frames_v2,unknown,-1.251751184463501,1.327040433883667,1.3980098962783813,1.3980098962783813,1.8242580247782738,2.2983361397019846,1.3048954265196337,0.9999816417694092,0.06589818000793457,-0.11899960041046143,0.05222964286804199,1.5809667811006456e-11,1.0,2.0791307315127378e-13,1.0,7.610809716954332e-19,1.0,val,0.9960444405684495
lemon_3,lemon,left,slip,0,1,27,37,fill only if visible slip/instability occurs; recommended about 30 frames; delete or keep empty [] if no slip,35,035.png,0.5666666666666667,local_stable_slip_windows_1based_frames_v2,unknown,-1.2497766017913818,1.3451567888259888,1.407832145690918,1.407832145690918,1.8361340748730361,2.3137371698943148,1.3042270531085716,0.9999966621398926,0.06414365768432617,-0.09064722061157227,0.05117607116699219,8.411598674540333e-12,1.0,1.3574291159428736e-13,1.0,4.430903069559339e-19,1.0,val,0.9960726820278443
lemon_3,lemon,left,slip,0,1,27,37,fill only if visible slip/instability occurs; recommended about 30 frames; delete or keep empty [] if no slip,36,036.png,0.5833333333333334,local_stable_slip_windows_1based_frames_v2,unknown,-1.2595895528793335,1.3522698879241943,1.4064557552337646,1.4064557552337646,1.8480258903785067,2.3223517138752805,1.31395855827174,0.9999924898147583,0.04293644428253174,-0.05969393253326416,0.03736543655395508,4.911245455457847e-12,1.0,7.780547853133285e-14,1.0,2.1755979728668646e-19,1.0,val,0.9954518034242565
lemon_3,lemon,left,slip,0,1,27,37,fill only if visible slip/instability occurs; recommended about 30 frames; delete or keep empty [] if no slip,37,037.png,0.6,local_stable_slip_windows_1based_frames_v2,unknown,-1.2847843170166016,1.3852293491363525,1.4081590175628662,1.4081590175628662,1.8893202722038787,2.3563622195460856,1.3416943022382977,0.9998944997787476,7.581710815429688e-05,0.007543325424194336,0.027825474739074707,3.5145380529455483e-12,1.0,6.745958772060717e-14,1.0,2.125832719264143e-19,1.0,val,0.9947309444163616
lemon_3,lemon,right,stable,0,0,70,100,fill a stable/contact-stable window; recommended about 30 frames,70,070.png,1.15,local_stable_slip_windows_1based_frames_v2,unknown,-1.086523175239563,1.3557252883911133,1.1978225708007812,1.1978225708007812,1.7373899009479217,2.1102849520942955,1.450455595715506,0.00018913672829512507,-0.18885254859924316,0.29558002948760986,0.004328608512878418,6.166624433312506e-10,1.0,1.5206076675600144e-10,1.0,2.79468153263282e-14,1.0,val,0.26891884403881156
lemon_3,lemon,right,stable,0,0,70,100,fill a stable/contact-stable window; recommended about 30 frames,71,071.png,1.1666666666666667,local_stable_slip_windows_1based_frames_v2,unknown,-1.0835925340652466,1.355546236038208,1.1946625709533691,1.1946625709533691,1.7354187903556004,2.106869012624233,1.4526422605911522,9.394895459990948e-05,-0.18592190742492676,0.2954009771347046,0.0011686086654663086,4.649363949393859e-10,1.0,9.62594101650005e-11,1.0,1.4253729828926122e-14,1.0,val,0.26401106452727835
lemon_3,lemon,right,stable,0,0,70,100,fill a stable/contact-stable window; recommended about 30 frames,72,072.png,1.1833333333333333,local_stable_slip_windows_1based_frames_v2,unknown,-1.0802675485610962,1.3518192768096924,1.1952755451202393,1.1952755451202393,1.7304315454904537,2.103111257730072,1.4477248403769025,0.00010730075155152008,-0.18259692192077637,0.29167401790618896,0.0017815828323364258,5.645260925390971e-10,1.0,1.2474940525031286e-10,1.0,2.051965605623981e-14,1.0,val,0.26679807427493174
lemon_3,lemon,right,stable,0,0,70,100,fill a stable/contact-stable window; recommended about 30 frames,73,073.png,1.2,local_stable_slip_windows_1based_frames_v2,unknown,-1.0839879512786865,1.3553886413574219,1.1939139366149902,1.1939139366149902,1.7355426378046959,2.10654663743331,1.4536568599479445,7.027477113297209e-05,-0.1863173246383667,0.29524338245391846,0.00041997432708740234,4.765924876970473e-10,1.0,9.046546844970749e-11,1.0,1.2830908448083819e-14,1.0,val,0.26237043172702385
lemon_3,lemon,right,stable,0,0,70,100,fill a stable/contact-stable window; recommended about 30 frames,74,074.png,1.2166666666666666,local_stable_slip_windows_1based_frames_v2,unknown,-1.0866501331329346,1.3550060987472534,1.1989948749542236,1.1989948749542236,1.7369081839521845,2.1105541333134696,1.4486356627527996,0.00012633945152629167,-0.18897950649261475,0.29486083984375,0.005500912666320801,5.94996274472237e-10,1.0,1.2735673626806943e-10,1.0,2.107300235189031e-14,1.0,val,0.2710982224425382
lemon_3,lemon,right,stable,0,0,70,100,fill a stable/contact-stable window; recommended about 30 frames,75,075.png,1.2333333333333334,local_stable_slip_windows_1based_frames_v2,unknown,-1.0858638286590576,1.3550032377243042,1.1972558498382568,1.1972558498382568,1.7364141293578137,2.109159927223486,1.4503271621226426,0.00016050141130108386,0.0006593465805053711,-0.000722050666809082,-0.0005667209625244141,2.365410312066274e-09,1.0,7.316834360615587e-10,1.0,2.3503668087308804e-13,1.0,val,0.2832168899909649
lemon_3,lemon,right,stable,0,0,70,100,fill a stable/contact-stable window; recommended about 30 frames,76,076.png,1.25,local_stable_slip_windows_1based_frames_v2,unknown,-1.0916497707366943,1.3608653545379639,1.197930097579956,1.197930097579956,1.7446070431851453,2.1162916277817523,1.4563500744822273,0.00020800760830752552,-0.008057236671447754,0.005319118499755859,0.003267526626586914,2.248766950430081e-09,1.0,6.110202899201056e-10,1.0,1.7546212963473473e-13,1.0,val,0.2863764127066245
lemon_3,lemon,right,stable,0,0,70,100,fill a stable/contact-stable window; recommended about 30 frames,77,077.png,1.2666666666666666,local_stable_slip_windows_1based_frames_v2,unknown,-1.0795331001281738,1.3507047891616821,1.1965142488479614,1.1965142488479614,1.7291024092680716,2.102722399517552,1.4451152301927621,0.00010863389616133645,0.0007344484329223633,-0.001114487648010254,0.001238703727722168,2.239171070783641e-09,1.0,5.835681382571067e-10,1.0,1.6257057278059456e-13,1.0,val,0.2876640086470541
lemon_3,lemon,right,stable,0,0,70,100,fill a stable/contact-stable window; recommended about 30 frames,78,078.png,1.2833333333333334,local_stable_slip_windows_1based_frames_v2,unknown,-1.0857443809509277,1.3574668169021606,1.196566104888916,1.196566104888916,1.7382626440664821,2.1102908479937144,1.4527080319727281,0.00014544134319294244,-0.001756429672241211,0.0020781755447387695,0.0026521682739257812,2.766368245588069e-09,1.0,7.474663110684787e-10,1.0,2.3103819747107013e-13,1.0,val,0.2878958709650317
lemon_3,lemon,right,stable,0,0,70,100,fill a stable/contact-stable window; recommended about 30 frames,79,079.png,1.3,local_stable_slip_windows_1based_frames_v2,unknown,-1.0867459774017334,1.3569049835205078,1.1973514556884766,1.1973514556884766,1.7384498709199636,2.1108904429507827,1.4519115592579268,0.00013048692198935896,-9.584426879882812e-05,0.0018988847732543945,-0.0016434192657470703,1.893261769581045e-09,1.0,4.762245042755353e-10,1.0,1.1972190003695787e-13,1.0,val,0.2809981477435227
lemon_3,lemon,right,stable,0,0,70,100,fill a stable/contact-stable window; recommended about 30 frames,80,080.png,1.3166666666666667,local_stable_slip_windows_1based_frames_v2,unknown,-1.0865318775177002,1.3561409711837769,1.1991238594055176,1.1991238594055176,1.7377197284330452,2.1112953097046847,1.4491566201826085,0.00022626452846452594,-0.0006680488586425781,0.0011377334594726562,0.0018680095672607422,2.122545472715842e-09,1.0,5.248340650965133e-10,1.0,1.378279543447214e-13,1.0,val,0.2876097225177069
lemon_3,lemon,right,stable,0,0,70,100,fill a stable/contact-stable window; recommended about 30 frames,81,081.png,1.3333333333333333,local_stable_slip_windows_1based_frames_v2,unknown,-1.0922863483428955,1.361436367034912,1.199242353439331,1.199242353439331,1.7454507865481275,2.1177300749963823,1.4554600461552016,0.0001822082558646798,-0.0006365776062011719,0.0005710124969482422,0.001312255859375,2.130320586601897e-09,1.0,5.223054766467783e-10,1.0,1.353548485317005e-13,1.0,val,0.2849093184715913
lemon_3,lemon,right,stable,0,0,70,100,fill a stable/contact-stable window; recommended about 30 frames,82,082.png,1.35,local_stable_slip_windows_1based_frames_v2,unknown,-1.0854514837265015,1.355422019958496,1.1967463493347168,1.1967463493347168,1.7364831630950048,2.1089275948591513,1.451002305591345,0.0001310792868025601,-0.005918383598327637,0.004717230796813965,0.0002321004867553711,1.980499098053201e-09,1.0,5.698954641530918e-10,1.0,1.6403041034826482e-13,1.0,val,0.28297063920999177
lemon_3,lemon,right,stable,0,0,70,100,fill a stable/contact-stable window; recommended about 30 frames,83,083.png,1.3666666666666667,local_stable_slip_windows_1based_frames_v2,unknown,-1.0871191024780273,1.3576723337173462,1.1968779563903809,1.1968779563903809,1.7392820670363207,2.111307403294781,1.4531812575949632,0.00013752920494880527,-0.0013747215270996094,0.00020551681518554688,0.00031185150146484375,2.3223643008662975e-09,1.0,6.167223953745804e-10,1.0,1.7549494030297957e-13,1.0,val,0.2834805822952829
lemon_3,lemon,right,stable,0,0,70,100,fill a stable/contact-stable window; recommended about 30 frames,84,084.png,1.3833333333333333,local_stable_slip_windows_1based_frames_v2,unknown,-1.0853385925292969,1.356367826461792,1.1952991485595703,1.1952991485595703,1.7371509839660342,2.1086568226341136,1.4533178014404469,0.00022281835845205933,0.0014073848724365234,-0.0005371570587158203,-0.00205230712890625,2.133048626618006e-09,1.0,5.237940081670445e-10,1.0,1.356261972304193e-13,1.0,val,0.2803127613236259
lemon_3,lemon,right,stable,0,0,70,100,fill a stable/contact-stable window; recommended about 30 frames,85,085.png,1.4,local_stable_slip_windows_1based_frames_v2,unknown,-1.0786066055297852,1.3491816520690918,1.1958627700805664,1.1958627700805664,1.7273341714249648,2.100897690187967,1.444423867200687,5.6112305173883215e-05,0.007925271987915039,-0.006959319114685059,-0.003261089324951172,1.9588410893334185e-09,1.0,5.411079362360738e-10,1.0,1.4830165903905596e-13,1.0,val,0.28149381859789985
lemon_3,lemon,right,stable,0,0,70,100,fill a stable/contact-stable window; recommended about 30 frames,86,086.png,1.4166666666666667,local_stable_slip_windows_1based_frames_v2,unknown,-1.085109829902649,1.354858160018921,1.1976617574691772,1.1976617574691772,1.7358294780079095,2.1089091165873817,1.4493474621152544,9.364680590806529e-05,0.007176518440246582,-0.006578207015991211,-0.0015805959701538086,2.393156561808496e-09,1.0,6.438145017106933e-10,1.0,1.8557501184606612e-13,1.0,val,0.28297417694399524
lemon_3,lemon,right,stable,0,0,70,100,fill a stable/contact-stable window; recommended about 30 frames,87,087.png,1.4333333333333333,local_stable_slip_windows_1based_frames_v2,unknown,-1.0886282920837402,1.3590307235717773,1.196738600730896,1.196738600730896,1.741285750799446,2.1128793965620787,1.4550247603872841,0.00012124070053687319,-0.0031768083572387695,0.00360870361328125,-7.748603820800781e-06,2.0415240609139573e-09,1.0,5.541819780852109e-10,1.0,1.5255700348826284e-13,1.0,val,0.282306771456947
lemon_3,lemon,right,stable,0,0,70,100,fill a stable/contact-stable window; recommended about 30 frames,88,088.png,1.45,local_stable_slip_windows_1based_frames_v2,unknown,-1.080522060394287,1.352785587310791,1.193735122680664,1.193735122680664,1.7313453636506257,2.1029884239709777,1.4503585262735468,0.00014691546675749123,0.006597042083740234,-0.004886746406555176,-0.003142833709716797,2.2621116091414706e-09,1.0,6.209894265474247e-10,1.0,1.769850813213708e-13,1.0,val,0.2802747009778509
lemon_3,lemon,right,stable,0,0,70,100,fill a stable/contact-stable window; recommended about 30 frames,89,089.png,1.4666666666666666,local_stable_slip_windows_1based_frames_v2,unknown,-1.0882452726364136,1.3576407432556152,1.1978816986083984,1.1978816986083984,1.7399615401390807,2.1124362061430646,1.4525308213904624,9.09853697521612e-05,-0.0029066801071166992,0.0012729167938232422,0.002582550048828125,2.26436491779225e-09,1.0,6.104844407772703e-10,1.0,1.742371980202606e-13,1.0,val,0.2871807222841536
lemon_3,lemon,right,stable,0,0,70,100,fill a stable/contact-stable window; recommended about 30 frames,90,090.png,1.4833333333333334,local_stable_slip_windows_1based_frames_v2,unknown,-1.0830326080322266,1.3537009954452515,1.1972181797027588,1.1972181797027588,1.7336279921397644,2.10684536331961,1.4480456223313958,0.00017916987417265773,-0.004426002502441406,0.004519343376159668,0.0013554096221923828,2.34115038466598e-09,1.0,6.778191341538786e-10,1.0,2.064607978937566e-13,1.0,val,0.2862080400323603
lemon_3,lemon,right,stable,0,0,70,100,fill a stable/contact-stable window; recommended about 30 frames,91,091.png,1.5,local_stable_slip_windows_1based_frames_v2,unknown,-1.0810320377349854,1.353736400604248,1.193466067314148,1.193466067314148,1.732406565714411,2.103709524330937,1.4515746711077047,0.00017751344421412796,0.004077792167663574,-0.0011217594146728516,-0.004195690155029297,2.0442596504466337e-09,1.0,6.074158398483576e-10,1.0,1.7855870590704342e-13,1.0,val,0.27785810225142543
lemon_3,lemon,right,stable,0,0,70,100,fill a stable/contact-stable window; recommended about 30 frames,92,092.png,1.5166666666666666,local_stable_slip_windows_1based_frames_v2,unknown,-1.0878421068191528,1.3593363761901855,1.1962103843688965,1.1962103843688965,1.7410329787234355,2.112371917223523,1.4554559515766345,0.00015630559937562793,0.0007861852645874023,0.0003056526184082031,-0.0005282163619995117,2.024713730008898e-09,1.0,5.178585338327935e-10,1.0,1.354237902373434e-13,1.0,val,0.2822351075878067
lemon_3,lemon,right,stable,0,0,70,100,fill a stable/contact-stable window; recommended about 30 frames,93,093.png,1.5333333333333334,local_stable_slip_windows_1based_frames_v2,unknown,-1.0847420692443848,1.3562602996826172,1.1958589553833008,1.1958589553833008,1.736694376476118,2.108598112124312,1.4522556497173345,0.00014953866775613278,-0.004220008850097656,0.003474712371826172,0.0021238327026367188,2.42544295758762e-09,1.0,6.402192664900497e-10,1.0,1.843652590620068e-13,1.0,val,0.2864663151813279
lemon_3,lemon,right,stable,0,0,70,100,fill a stable/contact-stable window; recommended about 30 frames,94,094.png,1.55,local_stable_slip_windows_1based_frames_v2,unknown,-1.0886207818984985,1.358924150466919,1.1970276832580566,1.1970276832580566,1.741197878905076,2.1129707352421345,1.4545999634410656,0.0001669000630499795,-0.00037550926208496094,0.001283407211303711,-0.0008540153503417969,1.934499227473907e-09,1.0,4.994313296258213e-10,1.0,1.2893498931281638e-13,1.0,val,0.2815914628596455
lemon_3,lemon,right,stable,0,0,70,100,fill a stable/contact-stable window; recommended about 30 frames,95,095.png,1.5666666666666667,local_stable_slip_windows_1based_frames_v2,unknown,-1.087070107460022,1.3569954633712769,1.1986393928527832,1.1986393928527832,1.7387231252109607,2.111846230254906,1.450579452835535,0.00013282759755384177,-0.00403749942779541,0.0032944679260253906,0.001421213150024414,2.2316841707947788e-09,1.0,5.599417596258149e-10,1.0,1.5108221748313944e-13,1.0,val,0.28552363760499994
lemon_3,lemon,right,stable,0,0,70,100,fill a stable/contact-stable window; recommended about 30 frames,96,096.png,1.5833333333333333,local_stable_slip_windows_1based_frames_v2,unknown,-1.0799143314361572,1.353707194328308,1.192906379699707,1.192906379699707,1.7316864991150742,2.1027990303273594,1.4516520968719258,0.0001563424157211557,0.001117706298828125,-2.9206275939941406e-05,-0.000559687614440918,2.4107718044064086e-09,1.0,6.936297647364142e-10,1.0,2.1285211549045002e-13,1.0,val,0.2833585943639828
lemon_3,lemon,right,stable,0,0,70,100,fill a stable/contact-stable window; recommended about 30 frames,97,097.png,1.6,local_stable_slip_windows_1based_frames_v2,unknown,-1.0834660530090332,1.3558942079544067,1.1944937705993652,1.1944937705993652,1.7356116475719103,2.1069321676760193,1.4530089961808936,9.621162462281063e-05,0.004376053810119629,-0.0034421682357788086,-0.00171661376953125,2.0555630531049474e-09,1.0,5.667096791839299e-10,1.0,1.5805428797352472e-13,1.0,val,0.2814680308391467
lemon_3,lemon,right,stable,0,0,70,100,fill a stable/contact-stable window; recommended about 30 frames,98,098.png,1.6166666666666667,local_stable_slip_windows_1based_frames_v2,unknown,-1.0843591690063477,1.3566465377807617,1.1952855587005615,1.1952855587005615,1.7367569305693484,2.108324501285032,1.453004652254635,8.936236554291099e-05,0.0003829002380371094,0.00038623809814453125,-0.0005733966827392578,2.1875596889486815e-09,1.0,5.911366396382789e-10,1.0,1.6639977156590602e-13,1.0,val,0.28260927381483586
lemon_3,lemon,right,stable,0,0,70,100,fill a stable/contact-stable window; recommended about 30 frames,99,099.png,1.6333333333333333,local_stable_slip_windows_1based_frames_v2,unknown,-1.0874371528625488,1.3583569526672363,1.1967699527740479,1.1967699527740479,1.740015279325221,2.1118502532490373,1.4539250600058127,0.00014211413508746773,0.001183629035949707,-0.0005671977996826172,-0.00025773048400878906,2.247429131685408e-09,1.0,5.951086845534803e-10,1.0,1.66760404313529e-13,1.0,val,0.28306203504521876
lemon_3,lemon,right,stable,0,0,70,100,fill a stable/contact-stable window; recommended about 30 frames,100,100.png,1.65,local_stable_slip_windows_1based_frames_v2,unknown,-1.0805819034576416,1.3538002967834473,1.194223165512085,1.194223165512085,1.7321756532323995,2.103949016182853,1.4504610635555515,0.00010486927203601226,0.006488204002380371,-0.00319516658782959,-0.004416227340698242,1.7830720233646957e-09,1.0,4.506636175349854e-10,1.0,1.1223537561572822e-13,1.0,val,0.2781503922516576
lemon_3,lemon,right,slip,0,1,27,37,fill only if visible slip/instability occurs; recommended about 30 frames; delete or keep empty [] if no slip,27,027.png,0.43333333333333335,local_stable_slip_windows_1based_frames_v2,unknown,-1.1649781465530396,1.4049571752548218,1.2359610795974731,1.2359610795974731,1.8251243098063659,2.2042410341262397,1.4766830956502894,6.75721385050565e-05,0.0,0.0,0.0,6.36145136567734e-10,1.0,8.789915323381692e-11,1.0,9.697700541905219e-15,1.0,val,0.2753630086902745
lemon_3,lemon,right,slip,0,1,27,37,fill only if visible slip/instability occurs; recommended about 30 frames; delete or keep empty [] if no slip,28,028.png,0.45,local_stable_slip_windows_1based_frames_v2,unknown,-1.1664471626281738,1.3990751504898071,1.237133502960205,1.237133502960205,1.8215406281281221,2.2019331425063706,1.4723868938822375,5.438128937385045e-05,-0.0014690160751342773,-0.0058820247650146484,0.0011724233627319336,8.216032298946629e-10,1.0,1.0317656451430679e-10,1.0,1.1843993091788154e-14,1.0,val,0.27711690261469196
lemon_3,lemon,right,slip,0,1,27,37,fill only if visible slip/instability occurs; recommended about 30 frames; delete or keep empty [] if no slip,29,029.png,0.4666666666666667,local_stable_slip_windows_1based_frames_v2,unknown,-1.156036376953125,1.3810261487960815,1.2404249906539917,1.2404249906539917,1.8010145275642406,2.1868487569871857,1.451932272569272,6.109541573096067e-05,0.00894176959991455,-0.023931026458740234,0.004463911056518555,9.188962368789078e-10,1.0,9.683838453344862e-11,1.0,1.009390274408226e-14,1.0,val,0.28904564605356536
lemon_3,lemon,right,slip,0,1,27,37,fill only if visible slip/instability occurs; recommended about 30 frames; delete or keep empty [] if no slip,30,030.png,0.48333333333333334,local_stable_slip_windows_1based_frames_v2,unknown,-1.1476874351501465,1.3526134490966797,1.2507076263427734,1.2507076263427734,1.7739079997222904,2.1704882303460464,1.4183223513132845,0.00022044296201784164,0.017290711402893066,-0.05234372615814209,0.014746546745300293,7.693687353871326e-10,1.0,3.5074144977276234e-11,1.0,2.076805990296692e-15,1.0,val,0.3154021586920063
lemon_3,lemon,right,slip,0,1,27,37,fill only if visible slip/instability occurs; recommended about 30 frames; delete or keep empty [] if no slip,31,031.png,0.5,local_stable_slip_windows_1based_frames_v2,unknown,-1.120131492614746,1.289901852607727,1.26543128490448,1.26543128490448,1.7083738906071426,2.1259956930631794,1.350031851555058,0.0017533971695229411,0.04484665393829346,-0.11505532264709473,0.029470205307006836,9.724377969533293e-10,1.0,8.942460487382231e-12,1.0,2.178640870487475e-16,1.0,val,0.3656735839216946
lemon_3,lemon,right,slip,0,1,27,37,fill only if visible slip/instability occurs; recommended about 30 frames; delete or keep empty [] if no slip,32,032.png,0.5166666666666667,local_stable_slip_windows_1based_frames_v2,unknown,-1.021671175956726,1.1520873308181763,1.2431766986846924,1.2431766986846924,1.539843241895924,1.979041564435957,1.238634865735695,0.9707328081130981,0.14330697059631348,-0.2528698444366455,0.007215619087219238,9.5772098585023e-11,1.0,3.9199168910819537e-10,1.0,3.1780269605166667e-13,1.0,val,0.9939759884578808
lemon_3,lemon,right,slip,0,1,27,37,fill only if visible slip/instability occurs; recommended about 30 frames; delete or keep empty [] if no slip,33,033.png,0.5333333333333333,local_stable_slip_windows_1based_frames_v2,unknown,-0.975232720375061,1.1484055519104004,1.2323338985443115,1.2323338985443115,1.5066234335588882,1.9464226180483504,1.2225762942675553,0.999964714050293,0.1912144422531128,-0.25066959857940674,-0.004799604415893555,1.0437302931654013e-11,1.0,2.1686838089229887e-11,1.0,4.225442492102917e-15,1.0,val,0.9949008089522646
lemon_3,lemon,right,slip,0,1,27,37,fill only if visible slip/instability occurs; recommended about 30 frames; delete or keep empty [] if no slip,34,034.png,0.55,local_stable_slip_windows_1based_frames_v2,unknown,-0.998548686504364,1.2597682476043701,1.2329561710357666,1.2329561710357666,1.6075184344174023,2.025906324756146,1.303790976832536,0.9999969005584717,0.157487690448761,-0.12125790119171143,-0.007468819618225098,2.88902717937925e-13,1.0,3.615029553916821e-13,1.0,1.1042578281813426e-17,1.0,val,0.994417680826079
lemon_3,lemon,right,slip,0,1,27,37,fill only if visible slip/instability occurs; recommended about 30 frames; delete or keep empty [] if no slip,35,035.png,0.5666666666666667,local_stable_slip_windows_1based_frames_v2,unknown,-1.0244925022125244,1.276794195175171,1.2593978643417358,1.2593978643417358,1.6370058961172655,2.065398577667569,1.2998311674458258,0.9999991655349731,0.12319493293762207,-0.07581925392150879,0.008690237998962402,3.118062719912468e-13,1.0,2.8248548790930916e-13,1.0,6.6115818442424455e-18,1.0,val,0.9950257508359156
lemon_3,lemon,right,slip,0,1,27,37,fill only if visible slip/instability occurs; recommended about 30 frames; delete or keep empty [] if no slip,36,036.png,0.5833333333333334,local_stable_slip_windows_1based_frames_v2,unknown,-1.003918170928955,1.2497522830963135,1.2469682693481445,1.2469682693481445,1.6030385095267632,2.0309264703053365,1.285547726741297,0.9999936819076538,0.11621332168579102,-0.040149569511413574,-0.01846301555633545,1.0025678475345662e-13,1.0,7.375697275158188e-14,1.0,9.495537123741226e-19,1.0,val,0.9939098313208361
lemon_3,lemon,right,slip,0,1,27,37,fill only if visible slip/instability occurs; recommended about 30 frames; delete or keep empty [] if no slip,37,037.png,0.6,local_stable_slip_windows_1based_frames_v2,unknown,-0.8976706266403198,1.0601452589035034,1.1934939622879028,1.1934939622879028,1.3891438096570135,1.8314334172789573,1.1639293449501087,0.9999736547470093,0.12400054931640625,-0.09194207191467285,-0.04968273639678955,1.0785529370657687e-12,1.0,8.680908639494e-13,1.0,3.110571996219523e-17,1.0,val,0.9929793947068458
lemon_4,lemon,left,stable,0,0,70,100,fill a stable/contact-stable window; recommended about 30 frames,70,070.png,1.15,local_stable_slip_windows_1based_frames_v2,unknown,-1.3069695234298706,1.4572350978851318,1.3276832103729248,1.3276832103729248,1.9574737458476403,2.3652581619749142,1.4743519057877612,0.00019018269085790962,-0.03819739818572998,0.05220174789428711,-0.043169260025024414,6.0301251839089964e-12,1.0,7.731680320120522e-15,1.0,1.3289014393214547e-20,1.0,train,0.1993465796715297
lemon_4,lemon,left,stable,0,0,70,100,fill a stable/contact-stable window; recommended about 30 frames,71,071.png,1.1666666666666667,local_stable_slip_windows_1based_frames_v2,unknown,-1.3050730228424072,1.4562647342681885,1.3279330730438232,1.3279330730438232,1.955485252111152,2.363753121141848,1.472577059212652,0.00022773584350943565,-0.0363008975982666,0.05123138427734375,-0.04291939735412598,6.2284765019182675e-12,1.0,8.643691705857541e-15,1.0,1.5418643386814168e-20,1.0,train,0.2005013819808544
lemon_4,lemon,left,stable,0,0,70,100,fill a stable/contact-stable window; recommended about 30 frames,72,072.png,1.1833333333333333,local_stable_slip_windows_1based_frames_v2,unknown,-1.3047432899475098,1.4563287496566772,1.3270307779312134,1.3270307779312134,1.9553128853816804,2.3631037144645926,1.4734484267060513,0.00023038389917928725,-0.03597116470336914,0.05129539966583252,-0.04382169246673584,5.711015861609159e-12,1.0,6.9168994228823496e-15,1.0,1.1415625596985966e-20,1.0,train,0.19919734986562676
lemon_4,lemon,left,stable,0,0,70,100,fill a stable/contact-stable window; recommended about 30 frames,73,073.png,1.2,local_stable_slip_windows_1based_frames_v2,unknown,-1.304650068283081,1.4564554691314697,1.3269805908203125,1.3269805908203125,1.9553450678164244,2.363102160857174,1.473528405625937,0.00021438491239678115,-0.03587794303894043,0.051422119140625,-0.04387187957763672,5.876220083439465e-12,1.0,8.01554477766796e-15,1.0,1.3883748367910937e-20,1.0,train,0.19913656652329406
lemon_4,lemon,left,stable,0,0,70,100,fill a stable/contact-stable window; recommended about 30 frames,74,074.png,1.2166666666666666,local_stable_slip_windows_1based_frames_v2,unknown,-1.3040512800216675,1.4558905363082886,1.326035737991333,1.326035737991333,1.9545247490472424,2.3618928369145804,1.4739597275471694,0.00020490451424848288,-0.035279154777526855,0.05085718631744385,-0.04481673240661621,5.7643664147510876e-12,1.0,7.275193089021498e-15,1.0,1.2138619418654959e-20,1.0,train,0.1978688580246534
lemon_4,lemon,left,stable,0,0,70,100,fill a stable/contact-stable window; recommended about 30 frames,75,075.png,1.2333333333333334,local_stable_slip_windows_1based_frames_v2,unknown,-1.3056209087371826,1.4565415382385254,1.3281400203704834,1.3281400203704834,1.9560570569249651,2.364342429441147,1.472778136450695,0.00022956865723244846,0.0013486146926879883,-0.0006935596466064453,0.00045680999755859375,6.805430524670086e-11,1.0,1.6326631886720566e-13,1.0,9.398381658869576e-19,1.0,train,0.2728792110593679
lemon_4,lemon,left,stable,0,0,70,100,fill a stable/contact-stable window; recommended about 30 frames,76,076.png,1.25,local_stable_slip_windows_1based_frames_v2,unknown,-1.3039201498031616,1.4557509422302246,1.328247308731079,1.328247308731079,1.9543332783501606,2.3629768251123924,1.4713613904144187,0.0001491220318712294,0.0011528730392456055,-0.0005137920379638672,0.0003142356872558594,6.886176351361684e-11,1.0,1.5598008724481555e-13,1.0,8.675121814623116e-19,1.0,train,0.272875148610177
lemon_4,lemon,left,stable,0,0,70,100,fill a stable/contact-stable window; recommended about 30 frames,77,077.png,1.2666666666666666,local_stable_slip_windows_1based_frames_v2,unknown,-1.3041417598724365,1.4559582471847534,1.327419638633728,1.327419638633728,1.9546355535977737,2.3627617409334722,1.4725065263484363,0.0001795591233531013,0.0006015300750732422,-0.0003705024719238281,0.00038886070251464844,6.885624709296323e-11,1.0,1.5704821612009395e-13,1.0,8.846999606153979e-19,1.0,train,0.2726114042021166
lemon_4,lemon,left,stable,0,0,70,100,fill a stable/contact-stable window; recommended about 30 frames,78,078.png,1.2833333333333334,local_stable_slip_windows_1based_frames_v2,unknown,-1.3034892082214355,1.456000566482544,1.3258347511291504,1.3258347511291504,1.9542317584020668,2.3615375400041665,1.4739621832777867,0.0001653015351621434,0.0011608600616455078,-0.00045490264892578125,-0.0011458396911621094,6.099580562857199e-11,1.0,1.400206041607746e-13,1.0,7.489870741520251e-19,1.0,train,0.26983157142405806
lemon_4,lemon,left,stable,0,0,70,100,fill a stable/contact-stable window; recommended about 30 frames,79,079.png,1.3,local_stable_slip_windows_1based_frames_v2,unknown,-1.3041410446166992,1.4560872316360474,1.3277506828308105,1.3277506828308105,1.9547311555268831,2.3630268229846965,1.4722113937444476,0.0001633347710594535,-8.976459503173828e-05,0.00019669532775878906,0.001714944839477539,6.542933556064057e-11,1.0,1.4238739039825615e-13,1.0,7.748346588367173e-19,1.0,train,0.2747878717174283
lemon_4,lemon,left,stable,0,0,70,100,fill a stable/contact-stable window; recommended about 30 frames,80,080.png,1.3166666666666667,local_stable_slip_windows_1based_frames_v2,unknown,-1.304912805557251,1.4566782712936401,1.3267993927001953,1.3267993927001953,1.9556863286750061,2.363282810972045,1.4739868479349436,0.00019646924920380116,0.0007081031799316406,0.0001367330551147461,-0.001340627670288086,5.95852256424223e-11,1.0,1.3184613990857574e-13,1.0,6.969566381406154e-19,1.0,train,0.2694090536131663
lemon_4,lemon,left,stable,0,0,70,100,fill a stable/contact-stable window; recommended about 30 frames,81,081.png,1.3333333333333333,local_stable_slip_windows_1based_frames_v2,unknown,-1.30351722240448,1.4559189081192017,1.326784610748291,1.326784610748291,1.9541896059809802,2.3620360749663822,1.4728751880862208,0.00020459038205444813,0.0004029273986816406,0.00016796588897705078,-0.001462697982788086,5.94314319979361e-11,1.0,1.17610213018135e-13,1.0,5.869500435735531e-19,1.0,train,0.2694104065973379
lemon_4,lemon,left,stable,0,0,70,100,fill a stable/contact-stable window; recommended about 30 frames,82,082.png,1.35,local_stable_slip_windows_1based_frames_v2,unknown,-1.3046960830688477,1.4564247131347656,1.3270007371902466,1.3270007371902466,1.9553528618141733,2.3631199230484126,1.473511908096201,0.0002002283144975081,-0.0005543231964111328,0.00046646595001220703,-0.0004189014434814453,6.181163914042997e-11,1.0,1.3749372191999842e-13,1.0,7.350441694456196e-19,1.0,train,0.27073398859778924
lemon_4,lemon,left,stable,0,0,70,100,fill a stable/contact-stable window; recommended about 30 frames,83,083.png,1.3666666666666667,local_stable_slip_windows_1based_frames_v2,unknown,-1.3043544292449951,1.4559009075164795,1.3282628059387207,1.3282628059387207,1.9547347466084357,2.3633175857760946,1.4716464740428359,0.0002087646134896204,-0.0008652210235595703,-9.965896606445312e-05,0.0024280548095703125,7.449724170882632e-11,1.0,1.782086034730207e-13,1.0,1.0630037047348783e-18,1.0,train,0.2759014427184146
lemon_4,lemon,left,stable,0,0,70,100,fill a stable/contact-stable window; recommended about 30 frames,84,084.png,1.3833333333333333,local_stable_slip_windows_1based_frames_v2,unknown,-1.3046009540557861,1.4563003778457642,1.3270375728607178,1.3270375728607178,1.9551967777788974,2.3630114599004908,1.473353388337499,0.00025751342764124274,-0.00045990943908691406,0.00021314620971679688,-0.0007131099700927734,6.416051717694771e-11,1.0,1.3549045511842411e-13,1.0,7.214983114332395e-19,1.0,train,0.27033370881500474
lemon_4,lemon,left,stable,0,0,70,100,fill a stable/contact-stable window; recommended about 30 frames,85,085.png,1.4,local_stable_slip_windows_1based_frames_v2,unknown,-1.3053412437438965,1.4564017057418823,1.3286325931549072,1.3286325931549072,1.9557662669927425,2.3643786199972836,1.4720132601409524,0.00017611042130738497,-0.0004284381866455078,-0.0002765655517578125,0.001833200454711914,7.0809698382579e-11,1.0,1.4921329688326324e-13,1.0,8.262622352779407e-19,1.0,train,0.2748375402971491
lemon_4,lemon,left,stable,0,0,70,100,fill a stable/contact-stable window; recommended about 30 frames,86,086.png,1.4166666666666667,local_stable_slip_windows_1based_frames_v2,unknown,-1.304542064666748,1.4560284614562988,1.3283991813659668,1.3283991813659668,1.9549549557613286,2.3635763715415563,1.4716611629419445,0.0002176031266571954,-0.0010248422622680664,0.00010955333709716797,0.0016145706176757812,7.130778606478927e-11,1.0,1.5145469513949683e-13,1.0,8.349342417235818e-19,1.0,train,0.2744693186634048
lemon_4,lemon,left,stable,0,0,70,100,fill a stable/contact-stable window; recommended about 30 frames,87,087.png,1.4333333333333333,local_stable_slip_windows_1based_frames_v2,unknown,-1.3044373989105225,1.456243872642517,1.3281514644622803,1.3281514644622803,1.9550455606674042,2.363512102113849,1.472003864751273,0.00021218619076535106,0.0002586841583251953,-0.00018084049224853516,0.0011507272720336914,6.27515053808203e-11,1.0,1.282518877340419e-13,1.0,6.726977055211196e-19,1.0,train,0.2739700000067971
lemon_4,lemon,left,stable,0,0,70,100,fill a stable/contact-stable window; recommended about 30 frames,88,088.png,1.45,local_stable_slip_windows_1based_frames_v2,unknown,-1.3045374155044556,1.4562015533447266,1.32772696018219,1.32772696018219,1.9550807738849665,2.3633027129864845,1.4725010186700382,0.0001701204018900171,-0.00018298625946044922,0.0003006458282470703,-0.0005358457565307617,6.283498721337821e-11,1.0,1.5011077233659242e-13,1.0,8.313016263647669e-19,1.0,train,0.27083135807242853
lemon_4,lemon,left,stable,0,0,70,100,fill a stable/contact-stable window; recommended about 30 frames,89,089.png,1.4666666666666666,local_stable_slip_windows_1based_frames_v2,unknown,-1.3039283752441406,1.4559942483901978,1.3275455236434937,1.3275455236434937,1.954520007345067,2.362736882612628,1.4722798580202108,0.00017317321908194572,0.0006725788116455078,-0.00030612945556640625,0.0005079507827758789,6.771403576744106e-11,1.0,1.493744635362032e-13,1.0,8.279565079676024e-19,1.0,train,0.2728952939158288
lemon_4,lemon,left,stable,0,0,70,100,fill a stable/contact-stable window; recommended about 30 frames,90,090.png,1.4833333333333334,local_stable_slip_windows_1based_frames_v2,unknown,-1.304948329925537,1.4562880992889404,1.3283095359802246,1.3283095359802246,1.9554194363118218,2.363910191881672,1.4721101604970883,0.00015386873565148562,0.000392913818359375,-0.00011360645294189453,-0.0003230571746826172,6.324898244036703e-11,1.0,1.356008404521103e-13,1.0,7.207225711150296e-19,1.0,train,0.2713855140275655
lemon_4,lemon,left,stable,0,0,70,100,fill a stable/contact-stable window; recommended about 30 frames,91,091.png,1.5,local_stable_slip_windows_1based_frames_v2,unknown,-1.3042211532592773,1.4558547735214233,1.3295860290527344,1.3295860290527344,1.9546114545336304,2.3639595907811732,1.4700891418339086,0.00016199097444768995,0.0003209114074707031,-0.00017368793487548828,0.0011868476867675781,7.400340062968525e-11,1.0,1.9236409611479016e-13,1.0,1.1759959560241625e-18,1.0,train,0.27443692322575663
lemon_4,lemon,left,stable,0,0,70,100,fill a stable/contact-stable window; recommended about 30 frames,92,092.png,1.5166666666666666,local_stable_slip_windows_1based_frames_v2,unknown,-1.303809642791748,1.4560368061065674,1.327813982963562,1.327813982963562,1.9544725030999437,2.3628484375277474,1.4719464143549121,0.00020117020176257938,0.0006277561187744141,-0.00020706653594970703,-0.0003374814987182617,6.334955476861026e-11,1.0,1.3077519210764887e-13,1.0,6.844573186994797e-19,1.0,train,0.27154942240354807
lemon_4,lemon,left,stable,0,0,70,100,fill a stable/contact-stable window; recommended about 30 frames,93,093.png,1.5333333333333334,local_stable_slip_windows_1based_frames_v2,unknown,-1.3053162097930908,1.4560871124267578,1.329345703125,1.329345703125,1.9555152994860188,2.3645718608113384,1.4710348285282049,0.00019481295021250844,-0.0007787942886352539,-0.00011444091796875,0.0016187429428100586,6.618482151221627e-11,1.0,1.526303497652315e-13,1.0,8.465923701805393e-19,1.0,train,0.2746210344121315
lemon_4,lemon,left,stable,0,0,70,100,fill a stable/contact-stable window; recommended about 30 frames,94,094.png,1.55,local_stable_slip_windows_1based_frames_v2,unknown,-1.3035342693328857,1.4559967517852783,1.3278685808181763,1.3278685808181763,1.9542589727399235,2.3627024993550454,1.4717250857842479,0.0002486718585714698,0.0003941059112548828,2.5033950805664062e-06,0.0003230571746826172,6.472851421523984e-11,1.0,1.4966563958215134e-13,1.0,8.26126577657482e-19,1.0,train,0.2727460859159462
lemon_4,lemon,left,stable,0,0,70,100,fill a stable/contact-stable window; recommended about 30 frames,95,095.png,1.5666666666666667,local_stable_slip_windows_1based_frames_v2,unknown,-1.3036792278289795,1.4560564756393433,1.3269360065460205,1.3269360065460205,1.9544001610018429,2.362295314898696,1.4728658190708626,0.0001737746351864189,0.0012691020965576172,-0.00023162364959716797,-0.0013735294342041016,5.542154929427667e-11,1.0,1.0989630429628083e-13,1.0,5.367388879218772e-19,1.0,train,0.26975280455211714
lemon_4,lemon,left,stable,0,0,70,100,fill a stable/contact-stable window; recommended about 30 frames,96,096.png,1.5833333333333333,local_stable_slip_windows_1based_frames_v2,unknown,-1.3027927875518799,1.4557243585586548,1.3266301155090332,1.3266301155090332,1.9535614798101963,2.3614296345167083,1.4725732398192755,0.00018947590433526784,0.001428365707397461,-0.0001304149627685547,-0.002955913543701172,6.162552412813938e-11,1.0,1.5632109593311655e-13,1.0,8.784013938411128e-19,1.0,train,0.26723541711254734
lemon_4,lemon,left,stable,0,0,70,100,fill a stable/contact-stable window; recommended about 30 frames,97,097.png,1.6,local_stable_slip_windows_1based_frames_v2,unknown,-1.303188443183899,1.4556101560592651,1.3280761241912842,1.3280761241912842,1.953740270576146,2.3623901533230907,1.4711045277327939,0.00021461129654198885,0.0006211996078491211,-0.0004266500473022461,0.00026214122772216797,6.90678833570324e-11,1.0,1.4693134946577868e-13,1.0,7.992445002192157e-19,1.0,train,0.27277471807330195
lemon_4,lemon,left,stable,0,0,70,100,fill a stable/contact-stable window; recommended about 30 frames,98,098.png,1.6166666666666667,local_stable_slip_windows_1based_frames_v2,unknown,-1.3046631813049316,1.455970287322998,1.3286856412887573,1.3286856412887573,1.954992453750172,2.363768395504736,1.471372100086692,0.00022254511713981628,0.0006530284881591797,-0.00011682510375976562,-0.0006600618362426758,6.195918778040266e-11,1.0,1.2915304947475753e-13,1.0,6.619452364373311e-19,1.0,train,0.2711501628558989
lemon_4,lemon,left,stable,0,0,70,100,fill a stable/contact-stable window; recommended about 30 frames,99,099.png,1.6333333333333333,local_stable_slip_windows_1based_frames_v2,unknown,-1.3045448064804077,1.4563078880310059,1.328216314315796,1.328216314315796,1.9551649078418765,2.3636472652388236,1.4720218497144346,0.00016360128938686103,-0.0010105371475219727,0.00031113624572753906,0.0003477334976196289,6.812729547167606e-11,1.0,1.5366878505351095e-13,1.0,8.524026935982649e-19,1.0,train,0.27217020349371795
lemon_4,lemon,left,stable,0,0,70,100,fill a stable/contact-stable window; recommended about 30 frames,100,100.png,1.65,local_stable_slip_windows_1based_frames_v2,unknown,-1.3028767108917236,1.4556879997253418,1.3261053562164307,1.3261053562164307,1.9535903553018485,2.3611587604636646,1.4731777327994406,0.00012560801405925304,0.0008025169372558594,-0.00036847591400146484,-0.0008306503295898438,5.89666787620402e-11,1.0,1.1864211598832525e-13,1.0,5.95618017513708e-19,1.0,train,0.2704134006547112
lemon_4,lemon,left,slip,0,1,31,41,fill only if visible slip/instability occurs; recommended about 30 frames; delete or keep empty [] if no slip,31,031.png,0.5,local_stable_slip_windows_1based_frames_v2,unknown,-1.3148036003112793,1.4639952182769775,1.3304243087768555,1.3304243087768555,1.967737407920416,2.3752935287904378,1.4790288450912603,0.0026649334467947483,0.0,0.0,0.0,5.5666912052165785e-11,1.0,1.800510830924154e-14,1.0,3.983578399198352e-20,1.0,train,0.27275362278746057
lemon_4,lemon,left,slip,0,1,31,41,fill only if visible slip/instability occurs; recommended about 30 frames; delete or keep empty [] if no slip,32,032.png,0.5166666666666667,local_stable_slip_windows_1based_frames_v2,unknown,-1.3160483837127686,1.4659185409545898,1.3264062404632568,1.3264062404632568,1.9700001312150779,2.3749219001321484,1.4852151519672359,0.0027720422949641943,-0.0012447834014892578,0.0019233226776123047,-0.004018068313598633,3.901200543166006e-11,1.0,1.1621291189296053e-14,1.0,2.122023778725535e-20,1.0,train,0.2644509226138829
lemon_4,lemon,left,slip,0,1,31,41,fill only if visible slip/instability occurs; recommended about 30 frames; delete or keep empty [] if no slip,33,033.png,0.5333333333333333,local_stable_slip_windows_1based_frames_v2,unknown,-1.313584804534912,1.4643826484680176,1.3194267749786377,1.3194267749786377,1.967211625585623,2.368714544720355,1.4909581736048214,0.00042605691123753786,0.0012187957763671875,0.00038743019104003906,-0.010997533798217773,2.1108996495211585e-11,1.0,6.317061182822955e-15,1.0,9.590796503240797e-21,1.0,train,0.24976091490639185
lemon_4,lemon,left,slip,0,1,31,41,fill only if visible slip/instability occurs; recommended about 30 frames; delete or keep empty [] if no slip,34,034.png,0.55,local_stable_slip_windows_1based_frames_v2,unknown,-1.3105711936950684,1.463329792022705,1.3198139667510986,1.3198139667510986,1.9644161814555818,2.3666093553427445,1.4884027162468505,0.0004305382026359439,0.0042324066162109375,-0.0006654262542724609,-0.010610342025756836,2.332456450204745e-11,1.0,7.145318374251943e-15,1.0,1.1228315232476022e-20,1.0,train,0.25183267058041137
lemon_4,lemon,left,slip,0,1,31,41,fill only if visible slip/instability occurs; recommended about 30 frames; delete or keep empty [] if no slip,35,035.png,0.5666666666666667,local_stable_slip_windows_1based_frames_v2,unknown,-1.3097821474075317,1.4624139070510864,1.3171110153198242,1.3171110153198242,1.9632075053859968,2.364099222934758,1.490539515660926,0.0004079323261976242,0.005021452903747559,-0.0015813112258911133,-0.01331329345703125,1.989231002141878e-11,1.0,5.5645245017137655e-15,1.0,7.941380590351587e-21,1.0,train,0.24715116687191574
lemon_4,lemon,left,slip,0,1,31,41,fill only if visible slip/instability occurs; recommended about 30 frames; delete or keep empty [] if no slip,36,036.png,0.5833333333333334,local_stable_slip_windows_1based_frames_v2,unknown,-1.290183663368225,1.444281816482544,1.321568489074707,1.321568489074707,1.936626926035154,2.3445825048309934,1.4653992408610144,0.7682981491088867,0.0246199369430542,-0.019713401794433594,-0.008855819702148438,1.4311388445847895e-12,1.0,1.0726808303369514e-13,1.0,8.788303903862981e-19,1.0,train,0.9690835410515363
lemon_4,lemon,left,slip,0,1,31,41,fill only if visible slip/instability occurs; recommended about 30 frames; delete or keep empty [] if no slip,37,037.png,0.6,local_stable_slip_windows_1based_frames_v2,unknown,-1.260894775390625,1.4209539890289307,1.3196855783462524,1.3196855783462524,1.8997278419670027,2.313122543065907,1.4395295618961446,0.9408977627754211,0.055153608322143555,-0.04496455192565918,-0.0067206621170043945,2.278501280879308e-13,1.0,7.62832281879771e-15,1.0,1.7175300358064037e-20,1.0,train,0.9894035163149043
lemon_4,lemon,left,slip,0,1,31,41,fill only if visible slip/instability occurs; recommended about 30 frames; delete or keep empty [] if no slip,38,038.png,0.6166666666666667,local_stable_slip_windows_1based_frames_v2,unknown,-1.2418029308319092,1.4088836908340454,1.3342573642730713,1.3342573642730713,1.8780382779168483,2.3037513944516244,1.4075521864463174,0.997162401676178,0.07178187370300293,-0.05549895763397217,0.014830589294433594,6.489468386489464e-14,1.0,5.321262144976488e-16,1.0,2.9947111288524763e-22,1.0,train,0.994006547377392
lemon_4,lemon,left,slip,0,1,31,41,fill only if visible slip/instability occurs; recommended about 30 frames; delete or keep empty [] if no slip,39,039.png,0.6333333333333333,local_stable_slip_windows_1based_frames_v2,unknown,-1.2449116706848145,1.4112083911895752,1.3570008277893066,1.3570008277893066,1.8818379821788922,2.3200787568080505,1.3867615677751863,0.9999114274978638,0.0656595230102539,-0.05212140083312988,0.03718686103820801,5.5000454738567475e-14,1.0,3.0406039645772146e-16,1.0,1.2729888817229815e-22,1.0,train,0.9952114957475287
lemon_4,lemon,left,slip,0,1,31,41,fill only if visible slip/instability occurs; recommended about 30 frames; delete or keep empty [] if no slip,40,040.png,0.65,local_stable_slip_windows_1based_frames_v2,unknown,-1.2654914855957031,1.4147582054138184,1.3814175128936768,1.3814175128936768,1.8981594980140493,2.347620886095176,1.3740654843534332,0.9999676942825317,0.04429066181182861,-0.047655701637268066,0.06430649757385254,2.1746421666451327e-13,1.0,1.4116845916518038e-15,1.0,1.152206249685073e-21,1.0,train,0.9961377338194408
lemon_4,lemon,left,slip,0,1,31,41,fill only if visible slip/instability occurs; recommended about 30 frames; delete or keep empty [] if no slip,41,041.png,0.6666666666666666,local_stable_slip_windows_1based_frames_v2,unknown,-1.2687721252441406,1.4050333499908447,1.3708524703979492,1.3708524703979492,1.8931194944807443,2.337335644698722,1.3809787372323499,0.9989802241325378,0.021411538124084473,-0.03924846649169922,0.04928398132324219,8.061442680930286e-13,1.0,3.4360613177441754e-14,1.0,1.4466868048260487e-19,1.0,train,0.9953975902751426
lemon_4,lemon,right,stable,0,0,70,100,fill a stable/contact-stable window; recommended about 30 frames,70,070.png,1.15,local_stable_slip_windows_1based_frames_v2,unknown,-1.2045962810516357,1.4444284439086914,1.1896560192108154,1.1896560192108154,1.8808045432462979,2.225467855067882,1.5809636835446659,0.0006817978573963046,-0.010883212089538574,0.006242871284484863,0.0028045177459716797,6.451408296470618e-10,1.0,3.0918066717955384e-11,1.0,2.211195390675112e-15,1.0,train,0.2553703416725438
lemon_4,lemon,right,stable,0,0,70,100,fill a stable/contact-stable window; recommended about 30 frames,71,071.png,1.1666666666666667,local_stable_slip_windows_1based_frames_v2,unknown,-1.2032625675201416,1.444239854812622,1.187198281288147,1.187198281288147,1.8798057252344846,2.2233104424973757,1.5833952689011392,0.0005687965312972665,-0.009549498558044434,0.006054282188415527,0.00034677982330322266,6.497853921594299e-10,1.0,3.622667443803351e-11,1.0,2.800998407891911e-15,1.0,train,0.25120896132525755
lemon_4,lemon,right,stable,0,0,70,100,fill a stable/contact-stable window; recommended about 30 frames,72,072.png,1.1833333333333333,local_stable_slip_windows_1based_frames_v2,unknown,-1.2054917812347412,1.4444077014923096,1.1907340288162231,1.1907340288162231,1.8813622837600434,2.226515567009519,1.5800007879422275,0.0009843590669333935,-0.011778712272644043,0.006222128868103027,0.0038825273513793945,6.814357411677463e-10,1.0,3.706893125787758e-11,1.0,2.9018309039989575e-15,1.0,train,0.2573546054058498
lemon_4,lemon,right,stable,0,0,70,100,fill a stable/contact-stable window; recommended about 30 frames,73,073.png,1.2,local_stable_slip_windows_1based_frames_v2,unknown,-1.2020928859710693,1.444248914718628,1.185762643814087,1.185762643814087,1.8790641910717656,2.2219170285213536,1.5846869659687253,0.0010303427698090672,-0.008379817008972168,0.006063342094421387,-0.001088857650756836,5.605840236455606e-10,1.0,2.9647988925018964e-11,1.0,2.080001210331972e-15,1.0,train,0.24954113507666528
lemon_4,lemon,right,stable,0,0,70,100,fill a stable/contact-stable window; recommended about 30 frames,74,074.png,1.2166666666666666,local_stable_slip_windows_1based_frames_v2,unknown,-1.2043662071228027,1.4444210529327393,1.1887078285217285,1.1887078285217285,1.880651519823566,2.2248317780460463,1.5820960311721868,0.0008694279240444303,-0.010653138160705566,0.006235480308532715,0.0018563270568847656,6.592644208325282e-10,1.0,3.434186268691519e-11,1.0,2.574481680763614e-15,1.0,train,0.25388699462435393
lemon_4,lemon,right,stable,0,0,70,100,fill a stable/contact-stable window; recommended about 30 frames,75,075.png,1.2333333333333334,local_stable_slip_windows_1based_frames_v2,unknown,-1.2027361392974854,1.4438929557800293,1.1877415180206299,1.1877415180206299,1.8792022479029258,2.2230904169991286,1.5821629851515395,0.0011561777209863067,0.0018601417541503906,-0.0005354881286621094,-0.0019145011901855469,5.881955478237444e-10,1.0,2.765658708991925e-11,1.0,1.840755483830574e-15,1.0,train,0.25114860955166224
lemon_4,lemon,right,stable,0,0,70,100,fill a stable/contact-stable window; recommended about 30 frames,76,076.png,1.25,local_stable_slip_windows_1based_frames_v2,unknown,-1.2033052444458008,1.4444228410720825,1.1884480714797974,1.1884480714797974,1.8799736314963342,2.22411997736758,1.5818714294214435,0.0009814111981540918,-4.267692565917969e-05,0.00018298625946044922,0.0012497901916503906,6.987114220535773e-10,1.0,2.922895259160896e-11,1.0,1.9506139630235623e-15,1.0,train,0.25565892906835225
lemon_4,lemon,right,stable,0,0,70,100,fill a stable/contact-stable window; recommended about 30 frames,77,077.png,1.2666666666666666,local_stable_slip_windows_1based_frames_v2,unknown,-1.2036900520324707,1.444471001625061,1.1864817142486572,1.1864817142486572,1.8802569547531633,2.223309486811063,1.584731856750092,0.001067003351636231,0.0018017292022705078,6.330013275146484e-05,-0.004252314567565918,5.325522245414049e-10,1.0,2.624132681983138e-11,1.0,1.724861894888399e-15,1.0,train,0.24680934760175588
lemon_4,lemon,right,stable,0,0,70,100,fill a stable/contact-stable window; recommended about 30 frames,78,078.png,1.2833333333333334,local_stable_slip_windows_1based_frames_v2,unknown,-1.203974723815918,1.4442784786224365,1.188666820526123,1.188666820526123,1.8802913230134195,2.2245053988739247,1.5818475864696775,0.0005734094884246588,-0.0018818378448486328,2.956390380859375e-05,0.002904176712036133,7.596528961428817e-10,1.0,3.283304877976789e-11,1.0,2.301306567252287e-15,1.0,train,0.2573271597872732
lemon_4,lemon,right,stable,0,0,70,100,fill a stable/contact-stable window; recommended about 30 frames,79,079.png,1.3,local_stable_slip_windows_1based_frames_v2,unknown,-1.202662706375122,1.4440042972564697,1.1878652572631836,1.1878652572631836,1.8792408030374086,2.22318912043344,1.5820306297504705,0.0015193182043731213,0.001703500747680664,-0.00041675567626953125,-0.0008425712585449219,6.305220789926125e-10,1.0,3.3281401939921906e-11,1.0,2.4217790045490822e-15,1.0,train,0.2532883801987409
lemon_4,lemon,right,stable,0,0,70,100,fill a stable/contact-stable window; recommended about 30 frames,80,080.png,1.3166666666666667,local_stable_slip_windows_1based_frames_v2,unknown,-1.204498052597046,1.4445441961288452,1.1886444091796875,1.1886444091796875,1.8808305328443622,2.2249492184662856,1.5823310453387174,0.001162263797596097,-0.0017619132995605469,0.000651240348815918,0.0009028911590576172,6.996716539475756e-10,1.0,3.6539434672411275e-11,1.0,2.759551179958627e-15,1.0,train,0.254681141642287
lemon_4,lemon,right,stable,0,0,70,100,fill a stable/contact-stable window; recommended about 30 frames,81,081.png,1.3333333333333333,local_stable_slip_windows_1based_frames_v2,unknown,-1.2024301290512085,1.4438259601593018,1.1875561475753784,1.1875561475753784,1.8789549272082169,2.222782315505526,1.5822016911307868,0.0009368776227347553,0.0008751153945922852,-0.0005968809127807617,-0.0008919239044189453,6.241218653002534e-10,1.0,2.6888432452798483e-11,1.0,1.7507886204917874e-15,1.0,train,0.2522642676884414
lemon_4,lemon,right,stable,0,0,70,100,fill a stable/contact-stable window; recommended about 30 frames,82,082.png,1.35,local_stable_slip_windows_1based_frames_v2,unknown,-1.2045776844024658,1.4448039531707764,1.187219500541687,1.187219500541687,1.8810810351652343,2.2244001446063524,1.5844411668320781,0.0009279551450163126,-0.0008876323699951172,0.00033295154571533203,0.0007377862930297852,6.555441744993118e-10,1.0,2.847860662569257e-11,1.0,1.9032779502827293e-15,1.0,train,0.25398750754575555
lemon_4,lemon,right,stable,0,0,70,100,fill a stable/contact-stable window; recommended about 30 frames,83,083.png,1.3666666666666667,local_stable_slip_windows_1based_frames_v2,unknown,-1.2042739391326904,1.4440689086914062,1.1898250579833984,1.1898250579833984,1.8803219760252115,2.225150422359925,1.5803334978325443,0.0013976922491565347,-0.00029921531677246094,-0.00020956993103027344,0.0011582374572753906,6.850220946041929e-10,1.0,3.234875561863859e-11,1.0,2.301464750655187e-15,1.0,train,0.25610592576596203
lemon_4,lemon,right,stable,0,0,70,100,fill a stable/contact-stable window; recommended about 30 frames,84,084.png,1.3833333333333333,local_stable_slip_windows_1based_frames_v2,unknown,-1.202896237373352,1.443845510482788,1.188305139541626,1.188305139541626,1.8792682661153703,2.223447395530039,1.5814681112733073,0.0007678904803469777,-0.00023353099822998047,-0.00015878677368164062,0.0004398822784423828,6.681345476877709e-10,1.0,2.8548762312508025e-11,1.0,1.8820729039646916e-15,1.0,train,0.2540895803385752
lemon_4,lemon,right,stable,0,0,70,100,fill a stable/contact-stable window; recommended about 30 frames,85,085.png,1.4,local_stable_slip_windows_1based_frames_v2,unknown,-1.2030736207962036,1.4444867372512817,1.1865322589874268,1.1865322589874268,1.8798744828180793,2.223013016778882,1.5843420052315615,0.0006568302633240819,0.0014244318008422852,-5.745887756347656e-05,-0.002112150192260742,5.774573041961162e-10,1.0,2.7159191562375895e-11,1.0,1.787711739574668e-15,1.0,train,0.24978098163021117
lemon_4,lemon,right,stable,0,0,70,100,fill a stable/contact-stable window; recommended about 30 frames,86,086.png,1.4166666666666667,local_stable_slip_windows_1based_frames_v2,unknown,-1.2036874294281006,1.443929672241211,1.1889562606811523,1.1889562606811523,1.8798394415858604,2.2242781561564526,1.581082435636839,0.0006081188330426812,-0.0012573003768920898,0.00010371208190917969,0.0014001131057739258,7.426120274267589e-10,1.0,3.759907316047695e-11,1.0,2.843664727994531e-15,1.0,train,0.2552496709553535
lemon_4,lemon,right,stable,0,0,70,100,fill a stable/contact-stable window; recommended about 30 frames,87,087.png,1.4333333333333333,local_stable_slip_windows_1based_frames_v2,unknown,-1.2027944326400757,1.4443910121917725,1.186713457107544,1.186713457107544,1.8796222607987847,2.22289646015519,1.5838875557142111,0.0009510447271168232,0.0017832517623901367,-0.00041294097900390625,-0.0005060434341430664,6.749937275785101e-10,1.0,3.1281387202763966e-11,1.0,2.1581200944419208e-15,1.0,train,0.25288374955286913
lemon_4,lemon,right,stable,0,0,70,100,fill a stable/contact-stable window; recommended about 30 frames,88,088.png,1.45,local_stable_slip_windows_1based_frames_v2,unknown,-1.2036312818527222,1.4441981315612793,1.1883013248443604,1.1883013248443604,1.8800097089801204,2.2240720636900186,1.5820971394854062,0.000825498893391341,0.0006426572799682617,0.00012922286987304688,-0.001523733139038086,6.506175598275377e-10,1.0,3.295269265790601e-11,1.0,2.3681887122839603e-15,1.0,train,0.25110482342532214
lemon_4,lemon,right,stable,0,0,70,100,fill a stable/contact-stable window; recommended about 30 frames,89,089.png,1.4666666666666666,local_stable_slip_windows_1based_frames_v2,unknown,-1.2033233642578125,1.4439760446548462,1.1881210803985596,1.1881210803985596,1.8796419702980125,2.2236649114003746,1.5820276395061021,0.0006789351464249194,-0.0004271268844604492,0.00013053417205810547,-0.00018405914306640625,6.508186212172973e-10,1.0,2.8604686327926565e-11,1.0,1.8982313279829882e-15,1.0,train,0.25282551992719243
lemon_4,lemon,right,stable,0,0,70,100,fill a stable/contact-stable window; recommended about 30 frames,90,090.png,1.4833333333333334,local_stable_slip_windows_1based_frames_v2,unknown,-1.2002462148666382,1.443827748298645,1.185361385345459,1.185361385345459,1.8775594645866287,2.22043039902784,1.5839539771117654,0.0010070983553305268,0.0028274059295654297,-0.0006589889526367188,-0.0011708736419677734,5.944211789454812e-10,1.0,2.5403810999247156e-11,1.0,1.5965270860169526e-15,1.0,train,0.2522310659665786
lemon_4,lemon,right,stable,0,0,70,100,fill a stable/contact-stable window; recommended about 30 frames,91,091.png,1.5,local_stable_slip_windows_1based_frames_v2,unknown,-1.2024005651474,1.4440737962722778,1.1877930164337158,1.1877930164337158,1.879126458795952,2.2230538675515086,1.5820305817316058,0.0011520287953317165,0.0012868642807006836,0.00014412403106689453,-0.0011632442474365234,6.296014820605933e-10,1.0,2.7582046022156526e-11,1.0,1.7958591377360703e-15,1.0,train,0.2523055878527252
lemon_4,lemon,right,stable,0,0,70,100,fill a stable/contact-stable window; recommended about 30 frames,92,092.png,1.5166666666666666,local_stable_slip_windows_1based_frames_v2,unknown,-1.2036362886428833,1.4444544315338135,1.187281847000122,1.187281847000122,1.8802098074724762,2.223696720403146,1.5836241652300087,0.0011593424715101719,-0.0008418560028076172,6.341934204101562e-05,0.000568389892578125,6.659119367036226e-10,1.0,2.8307800548077466e-11,1.0,1.8591174640611528e-15,1.0,train,0.2541316788703927
lemon_4,lemon,right,stable,0,0,70,100,fill a stable/contact-stable window; recommended about 30 frames,93,093.png,1.5333333333333334,local_stable_slip_windows_1based_frames_v2,unknown,-1.204759955406189,1.444337010383606,1.1884980201721191,1.1884980201721191,1.8808391610433293,2.2248783098558946,1.5825332029057502,0.0011324465740472078,-0.0011286735534667969,0.00013887882232666016,0.00019669532775878906,6.570926025517565e-10,1.0,3.4140641702595786e-11,1.0,2.5163214339898182e-15,1.0,train,0.2535841025997478
lemon_4,lemon,right,stable,0,0,70,100,fill a stable/contact-stable window; recommended about 30 frames,94,094.png,1.55,local_stable_slip_windows_1based_frames_v2,unknown,-1.2036726474761963,1.4440840482711792,1.1882741451263428,1.1882741451263428,1.879948558007275,2.2240058508757063,1.5820818652294462,0.0007905049715191126,-0.00034928321838378906,0.00010800361633300781,0.00015306472778320312,6.949500974684497e-10,1.0,3.407181828340988e-11,1.0,2.4721645476582675e-15,1.0,train,0.25349935524650696
lemon_4,lemon,right,stable,0,0,70,100,fill a stable/contact-stable window; recommended about 30 frames,95,095.png,1.5666666666666667,local_stable_slip_windows_1based_frames_v2,unknown,-1.2009923458099365,1.4435229301452637,1.1864134073257446,1.1864134073257446,1.8778021899415342,2.2211973882641556,1.5827540346329938,0.0007042885408736765,-0.0007461309432983398,-0.00030481815338134766,0.0010520219802856445,6.891618942184152e-10,1.0,3.195761363872229e-11,1.0,2.2382163769672347e-15,1.0,train,0.2546715408244642
lemon_4,lemon,right,stable,0,0,70,100,fill a stable/contact-stable window; recommended about 30 frames,96,096.png,1.5833333333333333,local_stable_slip_windows_1based_frames_v2,unknown,-1.2004733085632324,1.4438105821609497,1.185567855834961,1.185567855834961,1.8776914447620765,2.2206522245776803,1.583789448854638,0.0014966155868023634,0.0019272565841674805,-0.000263214111328125,-0.002225160598754883,6.142407138476358e-10,1.0,2.912039012703538e-11,1.0,1.9495949823880154e-15,1.0,train,0.2508389185553924
lemon_4,lemon,right,stable,0,0,70,100,fill a stable/contact-stable window; recommended about 30 frames,97,097.png,1.6,local_stable_slip_windows_1based_frames_v2,unknown,-1.20271897315979,1.4441698789596558,1.1876744031906128,1.1876744031906128,1.8794040458860586,2.22322514732248,1.5824223022866029,0.0007980703376233578,0.0009173154830932617,-0.00028455257415771484,0.00039255619049072266,6.814227515583582e-10,1.0,2.679090976842602e-11,1.0,1.685059710817801e-15,1.0,train,0.25421128329957887
lemon_4,lemon,right,stable,0,0,70,100,fill a stable/contact-stable window; recommended about 30 frames,98,098.png,1.6166666666666667,local_stable_slip_windows_1based_frames_v2,unknown,-1.202294111251831,1.4434758424758911,1.1896456480026245,1.1896456480026245,1.8785988496116763,2.2235985261674145,1.5791233916102556,0.0011658224975690246,0.00246584415435791,-0.0008611679077148438,0.001147627830505371,7.259437495577004e-10,1.0,3.487754529629683e-11,1.0,2.533156637332971e-15,1.0,train,0.2569248188462993
lemon_4,lemon,right,stable,0,0,70,100,fill a stable/contact-stable window; recommended about 30 frames,99,099.png,1.6333333333333333,local_stable_slip_windows_1based_frames_v2,unknown,-1.2005480527877808,1.4433656930923462,1.1865379810333252,1.1865379810333252,1.877397174560695,2.2209215500514916,1.5822465208228724,0.0008244597120210528,0.0031245946884155273,-0.0007183551788330078,-0.0017361640930175781,6.565063492836032e-10,1.0,3.1248531540128965e-11,1.0,2.1688820715532603e-15,1.0,train,0.25151181644121356
lemon_4,lemon,right,stable,0,0,70,100,fill a stable/contact-stable window; recommended about 30 frames,100,100.png,1.65,local_stable_slip_windows_1based_frames_v2,unknown,-1.2018742561340332,1.4436148405075073,1.1870654821395874,1.1870654821395874,1.8784369926327718,2.2220823553996696,1.5824193681612906,0.0012086804490536451,-0.0008819103240966797,9.191036224365234e-05,0.0006520748138427734,7.13838932409061e-10,1.0,3.331341105750063e-11,1.0,2.3705474872838268e-15,1.0,train,0.2546129386069903
lemon_4,lemon,right,slip,0,1,31,41,fill only if visible slip/instability occurs; recommended about 30 frames; delete or keep empty [] if no slip,31,031.png,0.5,local_stable_slip_windows_1based_frames_v2,unknown,-1.1682287454605103,1.432735800743103,1.1725261211395264,1.1725261211395264,1.848645524823842,2.1891340254095275,1.5766334880401118,0.001049317535944283,0.0,0.0,0.0,2.5544386050846413e-10,1.0,5.219475025797227e-12,1.0,1.3068199010784717e-16,1.0,train,0.2559743758048653
lemon_4,lemon,right,slip,0,1,31,41,fill only if visible slip/instability occurs; recommended about 30 frames; delete or keep empty [] if no slip,32,032.png,0.5166666666666667,local_stable_slip_windows_1based_frames_v2,unknown,-1.1690521240234375,1.4282515048980713,1.1809426546096802,1.1809426546096802,1.8456936988371921,2.1911665348402605,1.5628973419965766,0.0007930407882668078,-0.0008233785629272461,-0.004484295845031738,0.008416533470153809,4.473740822241723e-10,1.0,8.330807398093665e-12,1.0,2.4903173636904336e-16,1.0,train,0.271701764803449
lemon_4,lemon,right,slip,0,1,31,41,fill only if visible slip/instability occurs; recommended about 30 frames; delete or keep empty [] if no slip,33,033.png,0.5333333333333333,local_stable_slip_windows_1based_frames_v2,unknown,-1.1658811569213867,1.4044618606567383,1.2281626462936401,1.2281626462936401,1.825319695314697,2.200039880514609,1.486218632853332,0.5429535508155823,0.002347588539123535,-0.028273940086364746,0.05563652515411377,5.895073873496415e-10,1.0,2.6851287859841477e-10,1.0,7.754369114052265e-14,1.0,train,0.9338714872180037
lemon_4,lemon,right,slip,0,1,31,41,fill only if visible slip/instability occurs; recommended about 30 frames; delete or keep empty [] if no slip,34,034.png,0.55,local_stable_slip_windows_1based_frames_v2,unknown,-1.1214791536331177,1.3517342805862427,1.2618162631988525,1.2618162631988525,1.7563886407471614,2.162656084406112,1.3919516652470845,0.9568668007850647,0.04674959182739258,-0.08100152015686035,0.08929014205932617,5.374533040836127e-10,1.0,1.13595854944748e-09,1.0,1.0896941985902298e-12,1.0,train,0.9959208574864551
lemon_4,lemon,right,slip,0,1,31,41,fill only if visible slip/instability occurs; recommended about 30 frames; delete or keep empty [] if no slip,35,035.png,0.5666666666666667,local_stable_slip_windows_1based_frames_v2,unknown,-1.070836067199707,1.2868170738220215,1.2771599292755127,1.2771599292755127,1.6740932065735186,2.1056413629207227,1.3107926872795672,0.9996389150619507,0.09739267826080322,-0.14591872692108154,0.10463380813598633,9.196133854416644e-10,1.0,1.1740426408834992e-09,1.0,8.668682091594881e-13,1.0,train,0.9975794833289862
lemon_4,lemon,right,slip,0,1,31,41,fill only if visible slip/instability occurs; recommended about 30 frames; delete or keep empty [] if no slip,36,036.png,0.5833333333333334,local_stable_slip_windows_1based_frames_v2,unknown,-1.0585724115371704,1.2666093111038208,1.280879020690918,1.280879020690918,1.6507194484352925,2.0893840630886036,1.2887385405112963,0.9998877048492432,0.10965633392333984,-0.16612648963928223,0.1083528995513916,6.505977423465481e-10,1.0,6.880666036934713e-10,1.0,3.762493517699833e-13,1.0,train,0.9977386210567945
lemon_4,lemon,right,slip,0,1,31,41,fill only if visible slip/instability occurs; recommended about 30 frames; delete or keep empty [] if no slip,37,037.png,0.6,local_stable_slip_windows_1based_frames_v2,unknown,-1.0552716255187988,1.2618801593780518,1.2749192714691162,1.2749192714691162,1.6449740849803882,2.0811916992483916,1.2902564354748645,0.9999617338180542,0.11378049850463867,-0.16637134552001953,0.09397661685943604,4.0869127526654836e-10,1.0,4.083040294755591e-10,1.0,1.801178157361319e-13,1.0,train,0.9974539976571077
lemon_4,lemon,right,slip,0,1,31,41,fill only if visible slip/instability occurs; recommended about 30 frames; delete or keep empty [] if no slip,38,038.png,0.6166666666666667,local_stable_slip_windows_1based_frames_v2,unknown,-1.07777738571167,1.2809319496154785,1.2726776599884033,1.2726776599884033,1.67403427464828,2.102878783698849,1.3153628856034514,0.999948263168335,0.0881037712097168,-0.12352991104125977,0.044515013694763184,6.030036192594679e-11,1.0,9.302505987740517e-11,1.0,2.85396807911658e-14,1.0,train,0.9959153542540427
lemon_4,lemon,right,slip,0,1,31,41,fill only if visible slip/instability occurs; recommended about 30 frames; delete or keep empty [] if no slip,39,039.png,0.6333333333333333,local_stable_slip_windows_1based_frames_v2,unknown,-1.1297149658203125,1.3546831607818604,1.2574201822280884,1.2574201822280884,1.7639224388006185,2.1662243385159443,1.4028095468179047,0.9977941513061523,-0.008235812187194824,0.0029488801956176758,-0.00439608097076416,6.234728011644819e-12,1.0,1.7807491592414237e-11,1.0,3.972950017339409e-15,1.0,train,0.992431804810677
lemon_4,lemon,right,slip,0,1,31,41,fill only if visible slip/instability occurs; recommended about 30 frames; delete or keep empty [] if no slip,40,040.png,0.65,local_stable_slip_windows_1based_frames_v2,unknown,-1.1703611612319946,1.4159225225448608,1.2097499370574951,1.2097499370574951,1.8370034941638258,2.199562853791798,1.5184972690593748,0.927143931388855,-0.0995250940322876,0.12910544872283936,-0.06740999221801758,8.196813453681395e-13,1.0,3.821884649035656e-12,1.0,6.303673721212483e-16,1.0,train,0.9762986490889187
lemon_4,lemon,right,slip,0,1,31,41,fill only if visible slip/instability occurs; recommended about 30 frames; delete or keep empty [] if no slip,41,041.png,0.6666666666666666,local_stable_slip_windows_1based_frames_v2,unknown,-1.1937130689620972,1.4381855726242065,1.1868515014648438,1.1868515014648438,1.8690448449182073,2.214033676086405,1.5747911746500802,0.38237378001213074,-0.13514065742492676,0.17157626152038574,-0.09402751922607422,1.2103550583661415e-12,1.0,4.099828115888826e-13,1.0,1.0174064281231736e-17,1.0,train,0.5560460605851096
lemon_5,lemon,left,stable,0,0,70,100,fill a stable/contact-stable window; recommended about 30 frames,70,070.png,1.15,local_stable_slip_windows_1based_frames_v2,unknown,-1.1880851984024048,1.4221726655960083,1.251857042312622,1.251857042312622,1.8531382920417292,2.2363513998965017,1.480310250368589,5.159559441381134e-05,0.04078686237335205,0.01016378402709961,-0.13578879833221436,7.945574943433661e-14,1.0,2.4773345403067762e-14,1.0,2.5332964606349946e-19,1.0,train,0.11117248862729422
lemon_5,lemon,left,stable,0,0,70,100,fill a stable/contact-stable window; recommended about 30 frames,71,071.png,1.1666666666666667,local_stable_slip_windows_1based_frames_v2,unknown,-1.1859925985336304,1.4205924272537231,1.2511956691741943,1.2511956691741943,1.8505840397418263,2.2338647879196802,1.4790512837308265,6.831216887803748e-05,0.042879462242126465,0.008583545684814453,-0.1364501714706421,7.612120433769451e-14,1.0,2.57270130221178e-14,1.0,2.7472040745715004e-19,1.0,train,0.11103124359219334
lemon_5,lemon,left,stable,0,0,70,100,fill a stable/contact-stable window; recommended about 30 frames,72,072.png,1.1833333333333333,local_stable_slip_windows_1based_frames_v2,unknown,-1.1841779947280884,1.4201287031173706,1.2505650520324707,1.2505650520324707,1.849065454930155,2.23225357116548,1.4785828001047838,5.5767482990631834e-05,0.04469406604766846,0.008119821548461914,-0.13708078861236572,7.782254793928592e-14,1.0,2.392616168394885e-14,1.0,2.382727875659264e-19,1.0,train,0.11082808036831104
lemon_5,lemon,left,stable,0,0,70,100,fill a stable/contact-stable window; recommended about 30 frames,73,073.png,1.2,local_stable_slip_windows_1based_frames_v2,unknown,-1.1875996589660645,1.4209572076797485,1.2523616552352905,1.2523616552352905,1.8518942561694338,2.2356032858128065,1.4787204396649027,9.802731074159965e-05,0.04127240180969238,0.008948326110839844,-0.1352841854095459,7.756217678756352e-14,1.0,2.474501045691621e-14,1.0,2.543094931978568e-19,1.0,train,0.11181970732157949
lemon_5,lemon,left,stable,0,0,70,100,fill a stable/contact-stable window; recommended about 30 frames,74,074.png,1.2166666666666666,local_stable_slip_windows_1based_frames_v2,unknown,-1.1839784383773804,1.4205024242401123,1.247934103012085,1.247934103012085,1.8492247239896444,2.2309127291929536,1.4818276363300094,0.00010704025044105947,0.044893622398376465,0.008493542671203613,-0.13971173763275146,5.985920851873938e-14,1.0,1.759469712937431e-14,1.0,1.5612904814967686e-19,1.0,train,0.10835164671943354
lemon_5,lemon,left,stable,0,0,70,100,fill a stable/contact-stable window; recommended about 30 frames,75,075.png,1.2333333333333334,local_stable_slip_windows_1based_frames_v2,unknown,-1.1867260932922363,1.4218553304672241,1.2500815391540527,1.2500815391540527,1.8520235963072158,2.234433990032482,1.4815210502504135,4.818510205950588e-05,0.001359105110168457,-0.0003173351287841797,-0.001775503158569336,2.3355194514462774e-11,1.0,1.3370611041951808e-11,1.0,1.949669309529137e-15,1.0,train,0.2707168302189853
lemon_5,lemon,left,stable,0,0,70,100,fill a stable/contact-stable window; recommended about 30 frames,76,076.png,1.25,local_stable_slip_windows_1based_frames_v2,unknown,-1.1881917715072632,1.4217147827148438,1.2512900829315186,1.2512900829315186,1.8528552585853768,2.235799517154937,1.4807547850852711,5.41315930604469e-05,-0.0021991729736328125,0.0011223554611206055,9.441375732421875e-05,2.6295438049217523e-11,1.0,1.4788066604598527e-11,1.0,2.2341218197002074e-15,1.0,train,0.2730829990000394
lemon_5,lemon,left,stable,0,0,70,100,fill a stable/contact-stable window; recommended about 30 frames,77,077.png,1.2666666666666666,local_stable_slip_windows_1based_frames_v2,unknown,-1.1846160888671875,1.4202090501785278,1.2503881454467773,1.2503881454467773,1.8494077495814676,2.2324380256763723,1.479065742305892,5.592155139311217e-05,-0.0004380941390991211,8.034706115722656e-05,-0.00017690658569335938,2.4145241361850367e-11,1.0,1.3622963868087368e-11,1.0,2.0173142077298126e-15,1.0,train,0.2735388353853599
lemon_5,lemon,left,stable,0,0,70,100,fill a stable/contact-stable window; recommended about 30 frames,78,078.png,1.2833333333333334,local_stable_slip_windows_1based_frames_v2,unknown,-1.1875801086425781,1.4208359718322754,1.2516634464263916,1.2516634464263916,1.8517886956389178,2.2351247742388067,1.4794609696919427,5.672310362569988e-05,1.9550323486328125e-05,-0.00012123584747314453,-0.0006982088088989258,2.590337146168853e-11,1.0,1.5826472077318243e-11,1.0,2.5005903380934114e-15,1.0,train,0.2725983891631951
lemon_5,lemon,left,stable,0,0,70,100,fill a stable/contact-stable window; recommended about 30 frames,79,079.png,1.3,local_stable_slip_windows_1based_frames_v2,unknown,-1.1851236820220947,1.4210797548294067,1.2495498657226562,1.2495498657226562,1.8504015270409864,2.232792126061699,1.4808533032153426,7.432161510223523e-05,-0.0011452436447143555,0.0005773305892944336,0.001615762710571289,2.618073639826246e-11,1.0,1.3492839658069133e-11,1.0,1.920694853502409e-15,1.0,train,0.2760776150436039
lemon_5,lemon,left,stable,0,0,70,100,fill a stable/contact-stable window; recommended about 30 frames,80,080.png,1.3166666666666667,local_stable_slip_windows_1based_frames_v2,unknown,-1.1854759454727173,1.4210532903671265,1.2491424083709717,1.2491424083709717,1.8506068386768892,2.2327342940324315,1.4815007038225467,6.753014167770743e-05,0.001250147819519043,-0.0008020401000976562,-0.0009391307830810547,2.4774800266857966e-11,1.0,1.3931746381534715e-11,1.0,2.062437135137707e-15,1.0,train,0.27212683964688156
lemon_5,lemon,left,stable,0,0,70,100,fill a stable/contact-stable window; recommended about 30 frames,81,081.png,1.3333333333333333,local_stable_slip_windows_1based_frames_v2,unknown,-1.1879901885986328,1.4216488599777222,1.251200556755066,1.251200556755066,1.8526754085059185,2.235600367352528,1.4807169943991658,6.357709935400635e-05,0.0002015829086303711,-6.592273712158203e-05,-8.952617645263672e-05,2.689402173183808e-11,1.0,1.348841264375844e-11,1.0,1.8828053757058297e-15,1.0,train,0.2734258259156515
lemon_5,lemon,left,stable,0,0,70,100,fill a stable/contact-stable window; recommended about 30 frames,82,082.png,1.35,local_stable_slip_windows_1based_frames_v2,unknown,-1.1880671977996826,1.4212161302566528,1.252756118774414,1.252756118774414,1.8523927648825682,2.2362372075690047,1.4786527548889798,5.6347598729189485e-05,-0.003451108932495117,0.001007080078125,0.0023679733276367188,2.7501251276262906e-11,1.0,1.4507351916992484e-11,1.0,2.1599649322010406e-15,1.0,train,0.2770442168923836
lemon_5,lemon,left,stable,0,0,70,100,fill a stable/contact-stable window; recommended about 30 frames,83,083.png,1.3666666666666667,local_stable_slip_windows_1based_frames_v2,unknown,-1.1859972476959229,1.4209040403366089,1.2506382465362549,1.2506382465362549,1.8508262380318699,2.2337532959318676,1.4799041715329826,5.390298247220926e-05,0.0015828609466552734,6.80685043334961e-05,-0.0010251998901367188,2.7208497607733584e-11,1.0,1.6626639301464685e-11,1.0,2.6500304551533562e-15,1.0,train,0.2725172849567213
lemon_5,lemon,left,stable,0,0,70,100,fill a stable/contact-stable window; recommended about 30 frames,84,084.png,1.3833333333333333,local_stable_slip_windows_1based_frames_v2,unknown,-1.1872363090515137,1.4218707084655762,1.2503756284713745,1.2503756284713745,1.852362374138133,2.2348793205445894,1.4814435362589153,6.494574336102232e-05,-0.0021126270294189453,0.0007909536361694336,0.0008257627487182617,2.5761863128859197e-11,1.0,1.464483048718712e-11,1.0,2.1945484404044865e-15,1.0,train,0.2742126123658758
lemon_5,lemon,left,stable,0,0,70,100,fill a stable/contact-stable window; recommended about 30 frames,85,085.png,1.4,local_stable_slip_windows_1based_frames_v2,unknown,-1.1875417232513428,1.4213964939117432,1.2518596649169922,1.2518596649169922,1.8521941953713614,2.2355706112787956,1.4795529944174546,6.247121200431138e-05,-0.0020657777786254883,0.0003432035446166992,0.002717256546020508,2.8214167113738142e-11,1.0,1.5443937795289742e-11,1.0,2.372963437007633e-15,1.0,train,0.2778468997736959
lemon_5,lemon,left,stable,0,0,70,100,fill a stable/contact-stable window; recommended about 30 frames,86,086.png,1.4166666666666667,local_stable_slip_windows_1based_frames_v2,unknown,-1.183887243270874,1.4203436374664307,1.2483247518539429,1.2483247518539429,1.8490443621695183,2.230981788218382,1.4812194328470931,7.11462926119566e-05,0.004102945327758789,-0.001305222511291504,-0.002875804901123047,2.496330225865151e-11,1.0,1.3599547703246895e-11,1.0,1.934755176910357e-15,1.0,train,0.2698011399485618
lemon_5,lemon,left,stable,0,0,70,100,fill a stable/contact-stable window; recommended about 30 frames,87,087.png,1.4333333333333333,local_stable_slip_windows_1based_frames_v2,unknown,-1.186477780342102,1.420858383178711,1.2505550384521484,1.2505550384521484,1.8510991513948523,2.233932848698187,1.4802208733372832,4.9545338697498664e-05,0.0015894174575805664,-0.00035774707794189453,-0.002201080322265625,2.2887962358719705e-11,1.0,1.2092134585306447e-11,1.0,1.659277086694564e-15,1.0,train,0.27036489487970805
lemon_5,lemon,left,stable,0,0,70,100,fill a stable/contact-stable window; recommended about 30 frames,88,088.png,1.45,local_stable_slip_windows_1based_frames_v2,unknown,-1.184669017791748,1.420836091041565,1.2497828006744385,1.2497828006744385,1.8499232090338071,2.2325261315791094,1.4801945808831152,3.877782364725135e-05,0.0013282299041748047,-6.794929504394531e-05,-0.0008554458618164062,2.4385026983764213e-11,1.0,1.3645458894762097e-11,1.0,1.989336709482003e-15,1.0,train,0.27266060300520983
lemon_5,lemon,left,stable,0,0,70,100,fill a stable/contact-stable window; recommended about 30 frames,89,089.png,1.4666666666666666,local_stable_slip_windows_1based_frames_v2,unknown,-1.1856679916381836,1.4212367534637451,1.2494115829467773,1.2494115829467773,1.8508707398928457,2.2331036248667595,1.4813927482045293,7.562999235233292e-05,0.0015683174133300781,-0.0006339550018310547,-0.000964045524597168,2.4945073784365945e-11,1.0,1.4110225141084065e-11,1.0,2.0803423528514787e-15,1.0,train,0.2722343171688658
lemon_5,lemon,left,stable,0,0,70,100,fill a stable/contact-stable window; recommended about 30 frames,90,090.png,1.4833333333333334,local_stable_slip_windows_1based_frames_v2,unknown,-1.1852043867111206,1.4209126234054565,1.2499852180480957,1.2499852180480957,1.8503248692141228,2.2329722718768825,1.4802762162477923,7.274583185790107e-05,0.002337336540222168,-0.0004838705062866211,-0.0018744468688964844,2.300771205498986e-11,1.0,1.2568555571301765e-11,1.0,1.7730283175548963e-15,1.0,train,0.2711962174250931
lemon_5,lemon,left,stable,0,0,70,100,fill a stable/contact-stable window; recommended about 30 frames,91,091.png,1.5,local_stable_slip_windows_1based_frames_v2,unknown,-1.1838669776916504,1.419817328453064,1.24932861328125,1.24932861328125,1.848627130344126,2.2311979407949463,1.4796952787254245,5.7992634538095444e-05,2.0265579223632812e-05,-0.0005263090133666992,0.001003861427307129,2.6461166591218444e-11,1.0,1.5782942661135557e-11,1.0,2.4644154667403115e-15,1.0,train,0.2755454749373803
lemon_5,lemon,left,stable,0,0,70,100,fill a stable/contact-stable window; recommended about 30 frames,92,092.png,1.5166666666666666,local_stable_slip_windows_1based_frames_v2,unknown,-1.1836719512939453,1.4195902347564697,1.2494235038757324,1.2494235038757324,1.8483278180279452,2.231003096128075,1.4793433395090352,6.734300404787064e-05,0.0028058290481567383,-0.001268148422241211,-0.0011315345764160156,2.402034821047394e-11,1.0,1.407367191536002e-11,1.0,2.1160149336668568e-15,1.0,train,0.27278088678734597
lemon_5,lemon,left,stable,0,0,70,100,fill a stable/contact-stable window; recommended about 30 frames,93,093.png,1.5333333333333334,local_stable_slip_windows_1based_frames_v2,unknown,-1.1851799488067627,1.420667290687561,1.2505266666412354,1.2505266666412354,1.8501208235904854,2.233106357938192,1.4794721244030402,5.971006612526253e-05,-0.0005109310150146484,-0.00016880035400390625,0.000743865966796875,2.7058003407298692e-11,1.0,1.4756482494271417e-11,1.0,2.1932681501047116e-15,1.0,train,0.27496285860047526
lemon_5,lemon,left,stable,0,0,70,100,fill a stable/contact-stable window; recommended about 30 frames,94,094.png,1.55,local_stable_slip_windows_1based_frames_v2,unknown,-1.184996247291565,1.4203786849975586,1.2494089603424072,1.2494089603424072,1.849781531665425,2.2321994680302164,1.4805240796691608,5.654677443089895e-05,0.0006717443466186523,-0.0008580684661865234,-2.6226043701171875e-06,2.5438817718992368e-11,1.0,1.3724729686082071e-11,1.0,1.9827834273273334e-15,1.0,train,0.27376072116713934
lemon_5,lemon,left,stable,0,0,70,100,fill a stable/contact-stable window; recommended about 30 frames,95,095.png,1.5666666666666667,local_stable_slip_windows_1based_frames_v2,unknown,-1.1841719150543213,1.4200818538665771,1.2502332925796509,1.2502332925796509,1.849025580159602,2.2320346955097063,1.4789432597824883,5.605032492894679e-05,0.0010324716567993164,-0.0008307695388793945,0.0002480745315551758,2.7918780134972287e-11,1.0,1.5620891732903708e-11,1.0,2.3829234856761593e-15,1.0,train,0.27467593070375995
lemon_5,lemon,left,stable,0,0,70,100,fill a stable/contact-stable window; recommended about 30 frames,96,096.png,1.5833333333333333,local_stable_slip_windows_1based_frames_v2,unknown,-1.1810710430145264,1.4193421602249146,1.2477598190307617,1.2477598190307617,1.8464725766821852,2.2285343933686614,1.4798289451951956,5.372720988816582e-05,0.0027959346771240234,-0.00047516822814941406,-0.0015687942504882812,2.4860811326243848e-11,1.0,1.543869546094534e-11,1.0,2.412199061915636e-15,1.0,train,0.2720826929534373
lemon_5,lemon,left,stable,0,0,70,100,fill a stable/contact-stable window; recommended about 30 frames,97,097.png,1.6,local_stable_slip_windows_1based_frames_v2,unknown,-1.1809755563735962,1.4187535047531128,1.2485311031341553,1.2485311031341553,1.8459590385491131,2.2285409324251946,1.4785034633192482,3.320016185170971e-05,0.002696394920349121,-0.0008367300033569336,-0.0008924007415771484,2.5834345079855936e-11,1.0,1.700788294922706e-11,1.0,2.80260141774459e-15,1.0,train,0.27343637908421997
lemon_5,lemon,left,stable,0,0,70,100,fill a stable/contact-stable window; recommended about 30 frames,98,098.png,1.6166666666666667,local_stable_slip_windows_1based_frames_v2,unknown,-1.1842491626739502,1.420349359512329,1.2500262260437012,1.2500262260437012,1.8492805039693236,2.2321299129213097,1.479392180778527,6.833861698396504e-05,0.0009307861328125,-0.0003179311752319336,-0.0005004405975341797,2.5358109709272547e-11,1.0,1.3558547513892183e-11,1.0,1.9223514381890017e-15,1.0,train,0.2733315511851424
lemon_5,lemon,left,stable,0,0,70,100,fill a stable/contact-stable window; recommended about 30 frames,99,099.png,1.6333333333333333,local_stable_slip_windows_1based_frames_v2,unknown,-1.1851959228515625,1.4205317497253418,1.2502597570419312,1.2502597570419312,1.8500269802145342,2.2328791475582053,1.4797129077230473,5.882746700081043e-05,-0.0001996755599975586,0.00015306472778320312,0.0008507966995239258,2.6630581420605814e-11,1.0,1.4010089095795042e-11,1.0,2.0034715717893092e-15,1.0,train,0.2752466737475774
lemon_5,lemon,left,stable,0,0,70,100,fill a stable/contact-stable window; recommended about 30 frames,100,100.png,1.65,local_stable_slip_windows_1based_frames_v2,unknown,-1.1836490631103516,1.4198647737503052,1.2496285438537598,1.2496285438537598,1.848524027525479,2.231280479445174,1.479257622082762,4.992400499759242e-05,0.0005228519439697266,-0.00021708011627197266,-0.0006047487258911133,2.3845423899326867e-11,1.0,1.3979606534875177e-11,1.0,2.0766158314000334e-15,1.0,train,0.27306468192522904
lemon_5,lemon,left,slip,0,1,31,42,fill only if visible slip/instability occurs; recommended about 30 frames; delete or keep empty [] if no slip,31,031.png,0.5,local_stable_slip_windows_1based_frames_v2,unknown,-1.2708861827850342,1.454817533493042,1.275787115097046,1.275787115097046,1.9317468119173107,2.3150115568610747,1.5141595920654645,0.0002826054987963289,0.0,0.0,0.0,4.553722416505979e-12,1.0,1.0316244657571777e-13,1.0,1.1862190812147053e-18,1.0,train,0.2638737228633848
lemon_5,lemon,left,slip,0,1,31,42,fill only if visible slip/instability occurs; recommended about 30 frames; delete or keep empty [] if no slip,32,032.png,0.5166666666666667,local_stable_slip_windows_1based_frames_v2,unknown,-1.2745298147201538,1.4512627124786377,1.2898716926574707,1.2898716926574707,1.9314734554845538,2.3225758744894622,1.4974140211505835,7.380843453574926e-05,-0.003643631935119629,-0.003554821014404297,0.014084577560424805,2.5197078798444572e-11,1.0,1.2891610522147712e-12,1.0,4.22179650495591e-17,1.0,train,0.28995562582686096
lemon_5,lemon,left,slip,0,1,31,42,fill only if visible slip/instability occurs; recommended about 30 frames; delete or keep empty [] if no slip,33,033.png,0.5333333333333333,local_stable_slip_windows_1based_frames_v2,unknown,-1.277289628982544,1.4500350952148438,1.298088788986206,1.298088788986206,1.9323743358006713,2.3278971364200696,1.4886291781940868,0.0001096900159609504,-0.006403446197509766,-0.004782438278198242,0.022301673889160156,4.3731560039894646e-11,1.0,2.1500952060438117e-12,1.0,8.664447586485518e-17,1.0,train,0.30570934033635044
lemon_5,lemon,left,slip,0,1,31,42,fill only if visible slip/instability occurs; recommended about 30 frames; delete or keep empty [] if no slip,34,034.png,0.55,local_stable_slip_windows_1based_frames_v2,unknown,-1.2710168361663818,1.4460309743881226,1.297555923461914,1.297555923461914,1.925224500339704,2.32166766597189,1.4837302822932479,0.0001742058084346354,-0.00013065338134765625,-0.008786559104919434,0.021768808364868164,5.2358496011040145e-11,1.0,2.405352826639895e-12,1.0,9.838051439575753e-17,1.0,train,0.30786414338938173
lemon_5,lemon,left,slip,0,1,31,42,fill only if visible slip/instability occurs; recommended about 30 frames; delete or keep empty [] if no slip,35,035.png,0.5666666666666667,local_stable_slip_windows_1based_frames_v2,unknown,-1.2593677043914795,1.4348998069763184,1.3008651733398438,1.3008651733398438,1.9091737665610589,2.3102369294367713,1.4676173504146444,0.0006831884966231883,0.011518478393554688,-0.019917726516723633,0.02507805824279785,4.0796439143564456e-11,1.0,6.791691774948871e-13,1.0,1.597786537982736e-17,1.0,train,0.3216635664617227
lemon_5,lemon,left,slip,0,1,31,42,fill only if visible slip/instability occurs; recommended about 30 frames; delete or keep empty [] if no slip,36,036.png,0.5833333333333334,local_stable_slip_windows_1based_frames_v2,unknown,-1.2468494176864624,1.4190704822540283,1.3077809810638428,1.3077809810638428,1.8890194556938134,2.2975390308810986,1.4444452386147353,0.308289110660553,0.024036765098571777,-0.03574705123901367,0.031993865966796875,1.0639099844167443e-11,1.0,8.875370599049914e-13,1.0,2.750510036306418e-17,1.0,train,0.7581424479111284
lemon_5,lemon,left,slip,0,1,31,42,fill only if visible slip/instability occurs; recommended about 30 frames; delete or keep empty [] if no slip,37,037.png,0.6,local_stable_slip_windows_1based_frames_v2,unknown,-1.2208101749420166,1.3874256610870361,1.3246641159057617,1.3246641159057617,1.8480604557981204,2.273777136892081,1.395115213352983,0.9469280242919922,0.05371963977813721,-0.06383705139160156,0.034792423248291016,1.6479597634427856e-12,1.0,6.711608699361271e-12,1.0,1.3462529905423036e-15,1.0,train,0.9931365669537483
lemon_5,lemon,left,slip,0,1,31,42,fill only if visible slip/instability occurs; recommended about 30 frames; delete or keep empty [] if no slip,38,038.png,0.6166666666666667,local_stable_slip_windows_1based_frames_v2,unknown,-1.1789041757583618,1.3612052202224731,1.328477144241333,1.328477144241333,1.8007483741992978,2.2377547296236515,1.3554971769804078,0.9372202754020691,0.09838545322418213,-0.0888298749923706,0.030388355255126953,3.933219310144065e-13,1.0,6.575279058208816e-13,1.0,3.3891919036902493e-17,1.0,train,0.9932380488090633
lemon_5,lemon,left,slip,0,1,31,42,fill only if visible slip/instability occurs; recommended about 30 frames; delete or keep empty [] if no slip,39,039.png,0.6333333333333333,local_stable_slip_windows_1based_frames_v2,unknown,-1.1825982332229614,1.3753154277801514,1.348395824432373,1.348395824432373,1.8138442896544815,2.2601332718357185,1.345185821257066,0.9862185120582581,0.08841860294342041,-0.07071554660797119,0.050839900970458984,2.571255112038956e-13,1.0,7.66606342208348e-13,1.0,5.1000991954704296e-17,1.0,train,0.9957582667691885
lemon_5,lemon,left,slip,0,1,31,42,fill only if visible slip/instability occurs; recommended about 30 frames; delete or keep empty [] if no slip,40,040.png,0.65,local_stable_slip_windows_1based_frames_v2,unknown,-1.1995717287063599,1.398895263671875,1.368783712387085,1.368783712387085,1.8427914399180307,2.295528074829698,1.3462975026250141,0.9999985694885254,0.05979597568511963,-0.03600454330444336,0.06791853904724121,1.901422134976613e-13,1.0,6.267442077476093e-13,1.0,4.0309414530937947e-17,1.0,train,0.9965232071428721
lemon_5,lemon,left,slip,0,1,31,42,fill only if visible slip/instability occurs; recommended about 30 frames; delete or keep empty [] if no slip,41,041.png,0.6666666666666666,local_stable_slip_windows_1based_frames_v2,unknown,-1.2237807512283325,1.4133174419403076,1.3854014873504639,1.3854014873504639,1.8695201306136493,2.3268955283644677,1.3494418753275408,0.999996542930603,0.023068666458129883,-0.005753040313720703,0.0776205062866211,1.535138119054813e-13,1.0,5.363844134478879e-13,1.0,3.420180405542201e-17,1.0,train,0.9966479184565308
lemon_5,lemon,left,slip,0,1,31,42,fill only if visible slip/instability occurs; recommended about 30 frames; delete or keep empty [] if no slip,42,042.png,0.6833333333333333,local_stable_slip_windows_1based_frames_v2,unknown,-1.2288720607757568,1.4120088815689087,1.3876458406448364,1.3876458406448364,1.8718695529829892,2.330119439523144,1.348952412209677,0.9999725818634033,-0.008061885833740234,0.02458322048187256,0.06298172473907471,8.950437911442108e-14,1.0,3.847328000888134e-13,1.0,2.4591727232260565e-17,1.0,train,0.9960766479803232
lemon_5,lemon,right,stable,0,0,70,100,fill a stable/contact-stable window; recommended about 30 frames,70,070.png,1.15,local_stable_slip_windows_1based_frames_v2,unknown,-1.1663639545440674,1.404890537261963,1.2149317264556885,1.2149317264556885,1.8259579119322225,2.193212574306577,1.5029292339988831,3.951163307647221e-05,0.03461015224456787,0.007019519805908203,-0.03149223327636719,8.14919867697661e-11,1.0,4.043435725131772e-11,1.0,7.35466341419879e-15,1.0,train,0.23048611045202344
lemon_5,lemon,right,stable,0,0,70,100,fill a stable/contact-stable window; recommended about 30 frames,71,071.png,1.1666666666666667,local_stable_slip_windows_1based_frames_v2,unknown,-1.1627914905548096,1.402548909187317,1.2152695655822754,1.2152695655822754,1.8218747193946152,2.190001737487836,1.4991515231192127,5.0477698096074164e-05,0.038182616233825684,0.004677891731262207,-0.031154394149780273,9.417477214723746e-11,1.0,4.988903040681336e-11,1.0,1.0228794434998401e-14,1.0,train,0.2326209260025229
lemon_5,lemon,right,stable,0,0,70,100,fill a stable/contact-stable window; recommended about 30 frames,72,072.png,1.1833333333333333,local_stable_slip_windows_1based_frames_v2,unknown,-1.1610188484191895,1.4025537967681885,1.2121634483337402,1.2121634483337402,1.8207476264473015,2.1873413416039633,1.502063213411455,5.036661968915723e-05,0.0399552583694458,0.004682779312133789,-0.03426051139831543,7.222433762166247e-11,1.0,3.618806643235217e-11,1.0,6.506134606759639e-15,1.0,train,0.22788355060998913
lemon_5,lemon,right,stable,0,0,70,100,fill a stable/contact-stable window; recommended about 30 frames,73,073.png,1.2,local_stable_slip_windows_1based_frames_v2,unknown,-1.1657147407531738,1.404367208480835,1.214897632598877,1.214897632598877,1.8251405735081043,2.1925132544091603,1.5022986482450928,5.6942488299682736e-05,0.035259366035461426,0.0064961910247802734,-0.03152632713317871,8.000042989175782e-11,1.0,3.442882784421286e-11,1.0,5.771134472273929e-15,1.0,train,0.23072258437622598
lemon_5,lemon,right,stable,0,0,70,100,fill a stable/contact-stable window; recommended about 30 frames,74,074.png,1.2166666666666666,local_stable_slip_windows_1based_frames_v2,unknown,-1.1659612655639648,1.4051616191864014,1.2149713039398193,1.2149713039398193,1.8259093210863655,2.1931940448184917,1.5028402829969427,7.100084621924907e-05,0.03501284122467041,0.00729060173034668,-0.03145265579223633,7.943253693687424e-11,1.0,3.598804240723119e-11,1.0,6.171832301818522e-15,1.0,train,0.230749292971467
lemon_5,lemon,right,stable,0,0,70,100,fill a stable/contact-stable window; recommended about 30 frames,75,075.png,1.2333333333333334,local_stable_slip_windows_1based_frames_v2,unknown,-1.164078950881958,1.4034593105316162,1.2146944999694824,1.2146944999694824,1.823397334703635,2.190949695556799,1.501114752421035,5.255269934423268e-05,0.002285003662109375,-0.0014312267303466797,-0.0002372264862060547,2.4381413554763753e-10,1.0,1.3892878514276674e-10,1.0,4.434195117206455e-14,1.0,train,0.2705439198208952
lemon_5,lemon,right,stable,0,0,70,100,fill a stable/contact-stable window; recommended about 30 frames,76,076.png,1.25,local_stable_slip_windows_1based_frames_v2,unknown,-1.1672862768173218,1.4045724868774414,1.216407299041748,1.216407299041748,1.8263025825254493,2.194317169440454,1.5013894462608968,4.3348587496438995e-05,-0.004494786262512207,0.0020235776901245117,0.0011377334594726562,2.625771267084076e-10,1.0,1.342166933149258e-10,1.0,4.099630316754983e-14,1.0,train,0.27095448629577623
lemon_5,lemon,right,stable,0,0,70,100,fill a stable/contact-stable window; recommended about 30 frames,77,077.png,1.2666666666666666,local_stable_slip_windows_1based_frames_v2,unknown,-1.167629361152649,1.4061580896377563,1.2147737741470337,1.2147737741470337,1.8277414746291247,2.1946102661827855,1.5045928788836531,4.786059071193449e-05,-0.006610512733459473,0.003604292869567871,0.002610325813293457,2.6813723463803285e-10,1.0,1.330594801007834e-10,1.0,4.0834685893081923e-14,1.0,train,0.2722982205267664
lemon_5,lemon,right,stable,0,0,70,100,fill a stable/contact-stable window; recommended about 30 frames,78,078.png,1.2833333333333334,local_stable_slip_windows_1based_frames_v2,unknown,-1.1663614511489868,1.40474534034729,1.2157378196716309,1.2157378196716309,1.8258446007132683,2.1935648958108636,1.501839516160573,4.6153309085639194e-05,-0.0006467103958129883,0.0003781318664550781,0.0008401870727539062,2.720887404272787e-10,1.0,1.3520540242950574e-10,1.0,4.07431927822513e-14,1.0,train,0.27142082240390175
lemon_5,lemon,right,stable,0,0,70,100,fill a stable/contact-stable window; recommended about 30 frames,79,079.png,1.3,local_stable_slip_windows_1based_frames_v2,unknown,-1.1612629890441895,1.4024767875671387,1.212180733680725,1.212180733680725,1.820843999190619,2.18743114188658,1.502121297985347,3.847679545287974e-05,0.004698276519775391,-0.0026848316192626953,-0.0027905702590942383,2.511878205435636e-10,1.0,1.36685190943453e-10,1.0,4.244102627930929e-14,1.0,train,0.2666956510284399
lemon_5,lemon,right,stable,0,0,70,100,fill a stable/contact-stable window; recommended about 30 frames,80,080.png,1.3166666666666667,local_stable_slip_windows_1based_frames_v2,unknown,-1.1597901582717896,1.401971459388733,1.211708426475525,1.211708426475525,1.8195156454849946,2.186063698741752,1.5016105393991888,4.123480539419688e-05,0.004288792610168457,-0.0014878511428833008,-0.0029860734939575195,2.2550196432380432e-10,1.0,1.4380083235288055e-10,1.0,4.85840412497128e-14,1.0,train,0.2665452064222131
lemon_5,lemon,right,stable,0,0,70,100,fill a stable/contact-stable window; recommended about 30 frames,81,081.png,1.3333333333333333,local_stable_slip_windows_1based_frames_v2,unknown,-1.1655460596084595,1.405282735824585,1.2129952907562256,1.2129952907562256,1.8257374358530958,2.191956833533046,1.5051467591173469,3.473126344033517e-05,0.0017402172088623047,0.0007102489471435547,-0.003412008285522461,2.1340243461231978e-10,1.0,1.1250432530029997e-10,1.0,3.249929215716832e-14,1.0,train,0.264345059620762
lemon_5,lemon,right,stable,0,0,70,100,fill a stable/contact-stable window; recommended about 30 frames,82,082.png,1.35,local_stable_slip_windows_1based_frames_v2,unknown,-1.16695237159729,1.40414297580719,1.2172610759735107,1.2172610759735107,1.825758837876791,2.1943381373811555,1.4998896900789689,4.451822678674944e-05,0.0006769895553588867,-0.0020151138305664062,0.0024873018264770508,2.8672378360461437e-10,1.0,1.654850007026809e-10,1.0,5.689678193648504e-14,1.0,train,0.27476723784838675
lemon_5,lemon,right,stable,0,0,70,100,fill a stable/contact-stable window; recommended about 30 frames,83,083.png,1.3666666666666667,local_stable_slip_windows_1based_frames_v2,unknown,-1.1698312759399414,1.4064133167266846,1.2168078422546387,1.2168078422546387,1.8293451373738705,2.1970719051969634,1.503395664009358,4.425578663358465e-05,-0.00346982479095459,0.0016679763793945312,0.0010700225830078125,2.7142318947959154e-10,1.0,1.3233714124538665e-10,1.0,3.940921753427945e-14,1.0,train,0.27060870033927137
lemon_5,lemon,right,stable,0,0,70,100,fill a stable/contact-stable window; recommended about 30 frames,84,084.png,1.3833333333333333,local_stable_slip_windows_1based_frames_v2,unknown,-1.1702295541763306,1.4072933197021484,1.2174509763717651,1.2174509763717651,1.830276399111901,2.1982034885366257,1.5033664034670735,3.958026354666799e-05,-0.008966565132141113,0.004816532135009766,0.005270242691040039,3.040943885590508e-10,1.0,1.466331361887896e-10,1.0,4.497250282679138e-14,1.0,train,0.2764143387696646
lemon_5,lemon,right,stable,0,0,70,100,fill a stable/contact-stable window; recommended about 30 frames,85,085.png,1.4,local_stable_slip_windows_1based_frames_v2,unknown,-1.1631567478179932,1.403425693511963,1.2132480144500732,1.2132480144500732,1.822782844225846,2.1896365090514704,1.5023979599538806,4.1614712245063856e-05,-0.0033665895462036133,0.0014542341232299805,0.0015395879745483398,2.6883573145397577e-10,1.0,1.642178615313128e-10,1.0,5.742095302930031e-14,1.0,train,0.27186618949467184
lemon_5,lemon,right,stable,0,0,70,100,fill a stable/contact-stable window; recommended about 30 frames,86,086.png,1.4166666666666667,local_stable_slip_windows_1based_frames_v2,unknown,-1.164018154144287,1.4054009914398193,1.212489128112793,1.212489128112793,1.824853476287206,2.1909404591885244,1.5050460486037438,3.433646634221077e-05,0.0015279054641723633,0.000118255615234375,-0.0005061626434326172,2.2687300649248954e-10,1.0,1.469324106828651e-10,1.0,5.083344904949563e-14,1.0,train,0.2691773455983026
lemon_5,lemon,right,stable,0,0,70,100,fill a stable/contact-stable window; recommended about 30 frames,87,087.png,1.4333333333333333,local_stable_slip_windows_1based_frames_v2,unknown,-1.1662062406539917,1.4051082134246826,1.2167589664459229,1.2167589664459229,1.8260246677342065,2.1942808547677686,1.5007271097749102,4.47510537924245e-05,0.0007461309432983398,0.0009652376174926758,-0.0005021095275878906,2.6624905058447723e-10,1.0,1.480622152660871e-10,1.0,4.722219861777628e-14,1.0,train,0.26987770560411756
lemon_5,lemon,right,stable,0,0,70,100,fill a stable/contact-stable window; recommended about 30 frames,88,088.png,1.45,local_stable_slip_windows_1based_frames_v2,unknown,-1.164023756980896,1.4037203788757324,1.2141733169555664,1.2141733169555664,1.8235630531700706,2.190798724779123,1.5018955908592204,4.144733611610718e-05,0.00580751895904541,-0.0026929378509521484,-0.0026345252990722656,2.167390572571648e-10,1.0,1.0804050015744693e-10,1.0,3.041407661201305e-14,1.0,train,0.26726794330534204
lemon_5,lemon,right,stable,0,0,70,100,fill a stable/contact-stable window; recommended about 30 frames,89,089.png,1.4666666666666666,local_stable_slip_windows_1based_frames_v2,unknown,-1.1643015146255493,1.4045488834381104,1.2145116329193115,1.2145116329193115,1.8243781359484088,2.191664684531583,1.5021483404113878,4.879874541074969e-05,0.00592803955078125,-0.002744436264038086,-0.0029393434524536133,2.2914051212019615e-10,1.0,1.3545758958954934e-10,1.0,4.3124426013681216e-14,1.0,train,0.26671048118916846
lemon_5,lemon,right,stable,0,0,70,100,fill a stable/contact-stable window; recommended about 30 frames,90,090.png,1.4833333333333334,local_stable_slip_windows_1based_frames_v2,unknown,-1.161069393157959,1.4038406610488892,1.2106444835662842,1.2106444835662842,1.8217713186188802,2.1873524642662985,1.5047933877821602,3.929631566279568e-05,0.0020873546600341797,0.00041496753692626953,-0.0026035308837890625,2.0969961878058996e-10,1.0,1.4317000363028853e-10,1.0,4.995102706570505e-14,1.0,train,0.266008897453183
lemon_5,lemon,right,stable,0,0,70,100,fill a stable/contact-stable window; recommended about 30 frames,91,091.png,1.5,local_stable_slip_windows_1based_frames_v2,unknown,-1.1666550636291504,1.4048247337341309,1.2156603336334229,1.2156603336334229,1.8260932533698022,2.1937289296475155,1.5021397842044488,4.233178333379328e-05,-0.0026369094848632812,-0.0005762577056884766,0.003171205520629883,2.775790985953819e-10,1.0,1.6265983004970508e-10,1.0,5.617752899152173e-14,1.0,train,0.2745687053864848
lemon_5,lemon,right,stable,0,0,70,100,fill a stable/contact-stable window; recommended about 30 frames,92,092.png,1.5166666666666666,local_stable_slip_windows_1based_frames_v2,unknown,-1.1650657653808594,1.4051967859268188,1.2146217823028564,1.2146217823028564,1.8253646881764614,2.1925469935411,1.5028243457739798,4.7148547309916466e-05,0.0011404752731323242,8.857250213623047e-05,-0.0021371841430664062,2.2139273747612265e-10,1.0,1.1253200454808265e-10,1.0,3.18952051998455e-14,1.0,train,0.26671297545378386
lemon_5,lemon,right,stable,0,0,70,100,fill a stable/contact-stable window; recommended about 30 frames,93,093.png,1.5333333333333334,local_stable_slip_windows_1based_frames_v2,unknown,-1.162017822265625,1.403200626373291,1.2131131887435913,1.2131131887435913,1.8218829317816614,2.1888126977475677,1.501823116642107,3.459658910287544e-05,0.002005934715270996,-0.0005197525024414062,-0.0010601282119750977,2.234425838798515e-10,1.0,1.1565524926648862e-10,1.0,3.3685741370782785e-14,1.0,train,0.2690631872212099
lemon_5,lemon,right,stable,0,0,70,100,fill a stable/contact-stable window; recommended about 30 frames,94,094.png,1.55,local_stable_slip_windows_1based_frames_v2,unknown,-1.1550796031951904,1.3987855911254883,1.2099809646606445,1.2099809646606445,1.8140589901262418,2.180565053947931,1.499244652489526,3.5870089050149545e-05,0.009221911430358887,-0.00576329231262207,-0.004530668258666992,1.9418397445569724e-10,1.0,1.317138897949377e-10,1.0,4.4676088729097424e-14,1.0,train,0.2656357284468018
lemon_5,lemon,right,stable,0,0,70,100,fill a stable/contact-stable window; recommended about 30 frames,95,095.png,1.5666666666666667,local_stable_slip_windows_1based_frames_v2,unknown,-1.1604737043380737,1.402038335800171,1.2122424840927124,1.2122424840927124,1.8200029432705442,2.186765317484415,1.5013509803541667,3.879506039083935e-05,0.0005956888198852539,-0.0018023252487182617,0.0015980005264282227,2.5388854907326674e-10,1.0,1.7128799767451852e-10,1.0,6.403693764492346e-14,1.0,train,0.2731503594339214
lemon_5,lemon,right,stable,0,0,70,100,fill a stable/contact-stable window; recommended about 30 frames,96,096.png,1.5833333333333333,local_stable_slip_windows_1based_frames_v2,unknown,-1.1599808931350708,1.4018518924713135,1.2117277383804321,1.2117277383804321,1.8195451082245364,2.1860989256720282,1.501610922141285,4.230312697472982e-05,0.00667417049407959,-0.002972841262817383,-0.003932595252990723,2.0473607531545923e-10,1.0,1.4641876600052228e-10,1.0,5.088767609877885e-14,1.0,train,0.26552194046710864
lemon_5,lemon,right,stable,0,0,70,100,fill a stable/contact-stable window; recommended about 30 frames,97,097.png,1.6,local_stable_slip_windows_1based_frames_v2,unknown,-1.1611831188201904,1.4035433530807495,1.2119648456573486,1.2119648456573486,1.8216147176091155,2.1879531454122545,1.503024795736801,4.318326318752952e-05,0.0038826465606689453,-0.001653432846069336,-0.0026569366455078125,2.1480191236822321e-10,1.0,1.2737423615849508e-10,1.0,4.0055181800514525e-14,1.0,train,0.26659005996861
lemon_5,lemon,right,stable,0,0,70,100,fill a stable/contact-stable window; recommended about 30 frames,98,098.png,1.6166666666666667,local_stable_slip_windows_1based_frames_v2,unknown,-1.1631109714508057,1.4033641815185547,1.215862512588501,1.215862512588501,1.8227062730671884,2.191022548354193,1.4991043436995288,3.385628224350512e-05,-0.001093149185180664,0.00016355514526367188,0.002749323844909668,2.8194763190825256e-10,1.0,1.6885257081433735e-10,1.0,5.796908499012751e-14,1.0,train,0.2751918726006629
lemon_5,lemon,right,stable,0,0,70,100,fill a stable/contact-stable window; recommended about 30 frames,99,099.png,1.6333333333333333,local_stable_slip_windows_1based_frames_v2,unknown,-1.1636393070220947,1.4038341045379639,1.2150150537490845,1.2150150537490845,1.8234052292101084,2.19113400109342,1.500725215591813,3.8805192161817104e-05,-0.008559703826904297,0.005048513412475586,0.005034089088439941,2.87346840766034e-10,1.0,1.608310151723913e-10,1.0,5.36571384112533e-14,1.0,train,0.27697554189016804
lemon_5,lemon,right,stable,0,0,70,100,fill a stable/contact-stable window; recommended about 30 frames,100,100.png,1.65,local_stable_slip_windows_1based_frames_v2,unknown,-1.1603482961654663,1.4027693271636963,1.2122867107391357,1.2122867107391357,1.8204861860627755,2.187192040649404,1.5016948286581402,3.189725612173788e-05,0.00012540817260742188,0.0007309913635253906,4.4226646423339844e-05,2.4031632239740475e-10,1.0,1.4406383030962644e-10,1.0,4.6922504808510554e-14,1.0,train,0.27057509734891777
lemon_5,lemon,right,slip,0,1,31,42,fill only if visible slip/instability occurs; recommended about 30 frames; delete or keep empty [] if no slip,31,031.png,0.5,local_stable_slip_windows_1based_frames_v2,unknown,-1.2202794551849365,1.4203252792358398,1.257983684539795,1.257983684539795,1.872539945523943,2.255865421108079,1.4885236430433724,0.0006569479592144489,0.0,0.0,0.0,5.077353815163832e-11,1.0,7.045507840336418e-12,1.0,6.220046158330066e-16,1.0,train,0.27184620476274285
lemon_5,lemon,right,slip,0,1,31,42,fill only if visible slip/instability occurs; recommended about 30 frames; delete or keep empty [] if no slip,32,032.png,0.5166666666666667,local_stable_slip_windows_1based_frames_v2,unknown,-1.2281402349472046,1.4128215312957764,1.2682983875274658,1.2682983875274658,1.8720024348245696,2.2611886068600926,1.4759941171886992,0.575135350227356,-0.007860779762268066,-0.0075037479400634766,0.010314702987670898,2.420518646628622e-11,1.0,1.5792044061324617e-10,1.0,1.478148116060285e-13,1.0,train,0.9199370802732805
lemon_5,lemon,right,slip,0,1,31,42,fill only if visible slip/instability occurs; recommended about 30 frames; delete or keep empty [] if no slip,33,033.png,0.5333333333333333,local_stable_slip_windows_1based_frames_v2,unknown,-1.2376455068588257,1.4027122259140015,1.2869802713394165,1.2869802713394165,1.870659773816835,2.2706136193093993,1.4535252497264077,0.9119889736175537,-0.01736605167388916,-0.01761305332183838,0.028996586799621582,1.2124235643229397e-11,1.0,2.2099488905524822e-10,1.0,3.891832602714862e-13,1.0,train,0.9896973148088942
lemon_5,lemon,right,slip,0,1,31,42,fill only if visible slip/instability occurs; recommended about 30 frames; delete or keep empty [] if no slip,34,034.png,0.55,local_stable_slip_windows_1based_frames_v2,unknown,-1.2162973880767822,1.3729079961776733,1.302316665649414,1.302316665649414,1.8341907485894144,2.249507590527137,1.408405028180875,0.9992668032646179,0.003982067108154297,-0.047417283058166504,0.04433298110961914,1.0008167905528609e-11,1.0,1.318928855020829e-10,1.0,1.533162838221816e-13,1.0,train,0.9949177238760288
lemon_5,lemon,right,slip,0,1,31,42,fill only if visible slip/instability occurs; recommended about 30 frames; delete or keep empty [] if no slip,35,035.png,0.5666666666666667,local_stable_slip_windows_1based_frames_v2,unknown,-1.1744039058685303,1.333248496055603,1.3098108768463135,1.3098108768463135,1.7767318555014955,2.20734696399517,1.356478656904077,0.9999548196792603,0.04587554931640625,-0.08707678318023682,0.051827192306518555,5.194348423609441e-12,1.0,2.6489596974266227e-11,1.0,9.288764046399157e-15,1.0,train,0.9957465341935968
lemon_5,lemon,right,slip,0,1,31,42,fill only if visible slip/instability occurs; recommended about 30 frames; delete or keep empty [] if no slip,36,036.png,0.5833333333333334,local_stable_slip_windows_1based_frames_v2,unknown,-1.1928415298461914,1.3684433698654175,1.3323707580566406,1.3323707580566406,1.8153534564526055,2.251825927725953,1.3624977004169079,0.9999994039535522,0.027437925338745117,-0.05188190937042236,0.0743870735168457,1.2950586783522233e-12,1.0,4.3582906381067765e-12,1.0,6.065214358923492e-16,1.0,train,0.9964357958266946
lemon_5,lemon,right,slip,0,1,31,42,fill only if visible slip/instability occurs; recommended about 30 frames; delete or keep empty [] if no slip,37,037.png,0.6,local_stable_slip_windows_1based_frames_v2,unknown,-1.1860580444335938,1.3813092708587646,1.3193343877792358,1.3193343877792358,1.8206452116010996,2.2484199370453073,1.3799714829643817,0.9999986886978149,0.04208219051361084,-0.03151226043701172,0.05103600025177002,2.4423125739685136e-13,1.0,6.923876077515045e-13,1.0,4.458068735530861e-17,1.0,train,0.9957138166768129
lemon_5,lemon,right,slip,0,1,31,42,fill only if visible slip/instability occurs; recommended about 30 frames; delete or keep empty [] if no slip,38,038.png,0.6166666666666667,local_stable_slip_windows_1based_frames_v2,unknown,-1.1573090553283691,1.3646076917648315,1.306614875793457,1.306614875793457,1.789278737918937,2.215572349442359,1.3693992022195334,0.9999990463256836,0.08033645153045654,-0.03810453414916992,0.019634604454040527,1.0451794323681346e-13,1.0,1.8686076720241668e-13,1.0,5.86531769357058e-18,1.0,train,0.9947868394533919
lemon_5,lemon,right,slip,0,1,31,42,fill only if visible slip/instability occurs; recommended about 30 frames; delete or keep empty [] if no slip,39,039.png,0.6333333333333333,local_stable_slip_windows_1based_frames_v2,unknown,-1.1338950395584106,1.3177423477172852,1.3013732433319092,1.3013732433319092,1.7384369001210922,2.1715743538186403,1.3358470163587772,0.9999990463256836,0.08240234851837158,-0.055165648460388184,-0.0009434223175048828,1.5618283305107034e-13,1.0,3.8426266292176936e-13,1.0,1.8189820784049286e-17,1.0,train,0.9939973722839275
lemon_5,lemon,right,slip,0,1,31,42,fill only if visible slip/instability occurs; recommended about 30 frames; delete or keep empty [] if no slip,40,040.png,0.65,local_stable_slip_windows_1based_frames_v2,unknown,-1.1279975175857544,1.3043434619903564,1.2643983364105225,1.2643983364105225,1.7244391165003805,2.138315556608591,1.3638405738141683,0.9999932050704956,0.04640638828277588,-0.028905034065246582,-0.045412540435791016,7.471868718363084e-14,1.0,3.2972965178547364e-13,1.0,2.0242499252601676e-17,1.0,train,0.9905415337958988
lemon_5,lemon,right,slip,0,1,31,42,fill only if visible slip/instability occurs; recommended about 30 frames; delete or keep empty [] if no slip,41,041.png,0.6666666666666666,local_stable_slip_windows_1based_frames_v2,unknown,-1.1885709762573242,1.3608753681182861,1.2570340633392334,1.2570340633392334,1.8068433061979585,2.20109458441647,1.4373849695156433,0.9952607750892639,0.0042705535888671875,-0.007568001747131348,-0.07533669471740723,6.242420046587843e-14,1.0,9.335024073187093e-13,1.0,1.6052405933546964e-16,1.0,train,0.9854558059966283
lemon_5,lemon,right,slip,0,1,31,42,fill only if visible slip/instability occurs; recommended about 30 frames; delete or keep empty [] if no slip,42,042.png,0.6833333333333333,local_stable_slip_windows_1based_frames_v2,unknown,-1.2009741067886353,1.3978710174560547,1.2464239597320557,1.2464239597320557,1.8429276129626975,2.2248494047945186,1.4785708506341788,0.8470292091369629,-0.014916062355041504,0.01656174659729004,-0.07291042804718018,3.4372366606617855e-13,1.0,8.767055657832312e-12,1.0,4.855927654743393e-15,1.0,train,0.9647327987234512
